1542911895,3005-eth3,0.00,0.00,0.00,0,0,0.00,0.00,0.00,0,0,0.00,0.00,0,0
1542911895,3006-eth2,0.00,0.00,0.00,0,0,0.00,0.00,0.00,0,0,0.00,0.00,0,0
1542911895,2005-eth3,0.00,0.00,0.00,0,0,0.00,0.00,0.00,0,0,0.00,0.00,0,0
1542911895,1004-eth4,0.00,0.00,0.00,0,0,0.00,0.00,0.00,0,0,0.00,0.00,0,0
1542911895,3006-eth3,0.00,0.00,0.00,0,0,0.00,0.00,0.00,0,0,0.00,0.00,0,0
1542911895,2005-eth4,0.00,0.00,0.00,0,0,0.00,0.00,0.00,0,0,0.00,0.00,0,0
1542911895,2006-eth3,0.00,0.00,0.00,0,0,0.00,0.00,0.00,0,0,0.00,0.00,0,0
1542911895,3001-eth2,0.00,0.00,0.00,0,0,0.00,0.00,0.00,0,0,0.00,0.00,0,0
1542911895,3007-eth3,0.00,0.00,0.00,0,0,0.00,0.00,0.00,0,0,0.00,0.00,0,0
1542911895,2006-eth4,0.00,0.00,0.00,0,0,0.00,0.00,0.00,0,0,0.00,0.00,0,0
1542911895,lo,0.00,0.00,0.00,0,0,0.00,0.00,0.00,0,0,0.00,0.00,0,0
1542911895,3001-eth3,0.00,0.00,0.00,0,0,0.00,0.00,0.00,0,0,0.00,0.00,0,0
1542911895,3002-eth2,0.00,0.00,0.00,0,0,0.00,0.00,0.00,0,0,0.00,0.00,0,0
1542911895,3007-eth4,0.00,0.00,0.00,0,0,0.00,0.00,0.00,0,0,0.00,0.00,0,0
1542911895,3008-eth3,0.00,0.00,0.00,0,0,0.00,0.00,0.00,0,0,0.00,0.00,0,0
1542911895,2001-eth3,0.00,0.00,0.00,0,0,0.00,0.00,0.00,0,0,0.00,0.00,0,0
1542911895,2007-eth4,0.00,0.00,0.00,0,0,0.00,0.00,0.00,0,0,0.00,0.00,0,0
1542911895,3002-eth3,0.00,0.00,0.00,0,0,0.00,0.00,0.00,0,0,0.00,0.00,0,0
1542911895,3008-eth4,0.00,0.00,0.00,0,0,0.00,0.00,0.00,0,0,0.00,0.00,0,0
1542911895,2001-eth4,0.00,0.00,0.00,0,0,0.00,0.00,0.00,0,0,0.00,0.00,0,0
1542911895,2002-eth3,0.00,0.00,0.00,0,0,0.00,0.00,0.00,0,0,0.00,0.00,0,0
1542911895,1001-eth4,0.00,0.00,0.00,0,0,0.00,0.00,0.00,0,0,0.00,0.00,0,0
1542911895,2008-eth4,0.00,0.00,0.00,0,0,0.00,0.00,0.00,0,0,0.00,0.00,0,0
1542911895,2007-eth1,0.00,0.00,0.00,0,0,0.00,0.00,0.00,0,0,0.00,0.00,0,0
1542911895,3003-eth3,0.00,0.00,0.00,0,0,0.00,0.00,0.00,0,0,0.00,0.00,0,0
1542911895,2002-eth4,0.00,0.00,0.00,0,0,0.00,0.00,0.00,0,0,0.00,0.00,0,0
1542911895,1002-eth4,0.00,0.00,0.00,0,0,0.00,0.00,0.00,0,0,0.00,0.00,0,0
1542911895,3003-eth4,0.00,0.00,0.00,0,0,0.00,0.00,0.00,0,0,0.00,0.00,0,0
1542911895,2008-eth1,0.00,0.00,0.00,0,0,0.00,0.00,0.00,0,0,0.00,0.00,0,0
1542911895,1001-eth1,0.00,0.00,0.00,0,0,0.00,0.00,0.00,0,0,0.00,0.00,0,0
1542911895,3004-eth3,0.00,0.00,0.00,0,0,0.00,0.00,0.00,0,0,0.00,0.00,0,0
1542911895,2003-eth4,0.00,0.00,0.00,0,0,0.00,0.00,0.00,0,0,0.00,0.00,0,0
1542911895,1002-eth1,0.00,0.00,0.00,0,0,0.00,0.00,0.00,0,0,0.00,0.00,0,0
1542911895,3004-eth4,0.00,0.00,0.00,0,0,0.00,0.00,0.00,0,0,0.00,0.00,0,0
1542911895,2004-eth4,0.00,0.00,0.00,0,0,0.00,0.00,0.00,0,0,0.00,0.00,0,0
1542911895,2003-eth1,0.00,0.00,0.00,0,0,0.00,0.00,0.00,0,0,0.00,0.00,0,0
1542911895,1003-eth1,0.00,0.00,0.00,0,0,0.00,0.00,0.00,0,0,0.00,0.00,0,0
1542911895,3005-eth4,0.00,0.00,0.00,0,0,0.00,0.00,0.00,0,0,0.00,0.00,0,0
1542911895,2004-eth1,0.00,0.00,0.00,0,0,0.00,0.00,0.00,0,0,0.00,0.00,0,0
1542911895,1003-eth2,0.00,0.00,0.00,0,0,0.00,0.00,0.00,0,0,0.00,0.00,0,0
1542911895,1004-eth1,0.00,0.00,0.00,0,0,0.00,0.00,0.00,0,0,0.00,0.00,0,0
1542911895,3006-eth4,0.00,0.00,0.00,0,0,0.00,0.00,0.00,0,0,0.00,0.00,0,0
1542911895,enp5s0f0,0.00,0.00,0.00,0,0,0.00,0.00,0.00,0,0,0.00,0.00,0,0
1542911895,3005-eth1,0.00,0.00,0.00,0,0,0.00,0.00,0.00,0,0,0.00,0.00,0,0
1542911895,2005-eth1,0.00,0.00,0.00,0,0,0.00,0.00,0.00,0,0,0.00,0.00,0,0
1542911895,1004-eth2,0.00,0.00,0.00,0,0,0.00,0.00,0.00,0,0,0.00,0.00,0,0
1542911895,3006-eth1,0.00,0.00,0.00,0,0,0.00,0.00,0.00,0,0,0.00,0.00,0,0
1542911895,2005-eth2,0.00,0.00,0.00,0,0,0.00,0.00,0.00,0,0,0.00,0.00,0,0
1542911895,3001-eth4,0.00,0.00,0.00,0,0,0.00,0.00,0.00,0,0,0.00,0.00,0,0
1542911895,2006-eth1,0.00,0.00,0.00,0,0,0.00,0.00,0.00,0,0,0.00,0.00,0,0
1542911895,3007-eth1,0.00,0.00,0.00,0,0,0.00,0.00,0.00,0,0,0.00,0.00,0,0
1542911895,2006-eth2,0.00,0.00,0.00,0,0,0.00,0.00,0.00,0,0,0.00,0.00,0,0
1542911895,3002-eth4,0.00,0.00,0.00,0,0,0.00,0.00,0.00,0,0,0.00,0.00,0,0
1542911895,3001-eth1,0.00,0.00,0.00,0,0,0.00,0.00,0.00,0,0,0.00,0.00,0,0
1542911895,3007-eth2,0.00,0.00,0.00,0,0,0.00,0.00,0.00,0,0,0.00,0.00,0,0
1542911895,2001-eth1,0.00,0.00,0.00,0,0,0.00,0.00,0.00,0,0,0.00,0.00,0,0
1542911895,3008-eth1,0.00,0.00,0.00,0,0,0.00,0.00,0.00,0,0,0.00,0.00,0,0
1542911895,2007-eth2,0.00,0.00,0.00,0,0,0.00,0.00,0.00,0,0,0.00,0.00,0,0
1542911895,3002-eth1,0.00,0.00,0.00,0,0,0.00,0.00,0.00,0,0,0.00,0.00,0,0
1542911895,2001-eth2,0.00,0.00,0.00,0,0,0.00,0.00,0.00,0,0,0.00,0.00,0,0
1542911895,3008-eth2,0.00,0.00,0.00,0,0,0.00,0.00,0.00,0,0,0.00,0.00,0,0
1542911895,2002-eth1,0.00,0.00,0.00,0,0,0.00,0.00,0.00,0,0,0.00,0.00,0,0
1542911895,2007-eth3,0.00,0.00,0.00,0,0,0.00,0.00,0.00,0,0,0.00,0.00,0,0
1542911895,2008-eth2,0.00,0.00,0.00,0,0,0.00,0.00,0.00,0,0,0.00,0.00,0,0
1542911895,1001-eth2,0.00,0.00,0.00,0,0,0.00,0.00,0.00,0,0,0.00,0.00,0,0
1542911895,3003-eth1,0.00,0.00,0.00,0,0,0.00,0.00,0.00,0,0,0.00,0.00,0,0
1542911895,2002-eth2,0.00,0.00,0.00,0,0,0.00,0.00,0.00,0,0,0.00,0.00,0,0
1542911895,2008-eth3,0.00,0.00,0.00,0,0,0.00,0.00,0.00,0,0,0.00,0.00,0,0
1542911895,1001-eth3,0.00,0.00,0.00,0,0,0.00,0.00,0.00,0,0,0.00,0.00,0,0
1542911895,1002-eth2,0.00,0.00,0.00,0,0,0.00,0.00,0.00,0,0,0.00,0.00,0,0
1542911895,3003-eth2,0.00,0.00,0.00,0,0,0.00,0.00,0.00,0,0,0.00,0.00,0,0
1542911895,3004-eth1,0.00,0.00,0.00,0,0,0.00,0.00,0.00,0,0,0.00,0.00,0,0
1542911895,2003-eth2,0.00,0.00,0.00,0,0,0.00,0.00,0.00,0,0,0.00,0.00,0,0
1542911895,1002-eth3,0.00,0.00,0.00,0,0,0.00,0.00,0.00,0,0,0.00,0.00,0,0
1542911895,3004-eth2,0.00,0.00,0.00,0,0,0.00,0.00,0.00,0,0,0.00,0.00,0,0
1542911895,2003-eth3,0.00,0.00,0.00,0,0,0.00,0.00,0.00,0,0,0.00,0.00,0,0
1542911895,2004-eth2,0.00,0.00,0.00,0,0,0.00,0.00,0.00,0,0,0.00,0.00,0,0
1542911895,1003-eth3,0.00,0.00,0.00,0,0,0.00,0.00,0.00,0,0,0.00,0.00,0,0
1542911895,3005-eth2,0.00,0.00,0.00,0,0,0.00,0.00,0.00,0,0,0.00,0.00,0,0
1542911895,2004-eth3,0.00,0.00,0.00,0,0,0.00,0.00,0.00,0,0,0.00,0.00,0,0
1542911895,1003-eth4,0.00,0.00,0.00,0,0,0.00,0.00,0.00,0,0,0.00,0.00,0,0
1542911895,1004-eth3,0.00,0.00,0.00,0,0,0.00,0.00,0.00,0,0,0.00,0.00,0,0
1542911895,total,0.00,0.00,0.00,0,0,0.00,0.00,0.00,0,0,0.00,0.00,0,0
1542911896,3005-eth3,11868.13,584707.31,596575.44,585292,11880,179.82,201.80,381.62,202,180,0.00,0.00,0,0
1542911896,3006-eth2,0.00,0.00,0.00,0,0,0.00,0.00,0.00,0,0,0.00,0.00,0,0
1542911896,2005-eth3,12357.64,177638.36,189996.02,177816,12370,184.82,82.92,267.73,83,185,0.00,0.00,0,0
1542911896,1004-eth4,19360.64,504317.69,523678.34,504822,19380,293.71,582.42,876.12,583,294,0.00,0.00,0,0
1542911896,3006-eth3,1222371.62,420057.97,1642429.62,420478,1223594,548.45,534.47,1082.92,535,549,0.00,0.00,0,0
1542911896,2005-eth4,8901.10,393750.25,402651.38,394144,8910,134.87,135.86,270.73,136,135,0.00,0.00,0,0
1542911896,2006-eth3,9356.64,643174.81,652531.50,643818,9366,99.90,276.72,376.62,277,100,0.00,0.00,0,0
1542911896,3001-eth2,9356.64,1224123.88,1233480.50,1225348,9366,99.90,421.58,521.48,422,100,0.00,0.00,0,0
1542911896,3007-eth3,17208.79,876337.69,893546.50,877214,17226,260.74,302.70,563.44,303,261,0.00,0.00,0,0
1542911896,2006-eth4,0.00,0.00,0.00,0,0,0.00,0.00,0.00,0,0,0.00,0.00,0,0
1542911896,lo,16089.91,16089.91,32179.82,16106,16106,146.85,146.85,293.71,147,147,0.00,0.00,0,0
1542911896,3001-eth3,1009254.75,526451.56,1535706.38,526978,1010264,475.52,526.47,1002.00,527,476,0.00,0.00,0,0
1542911896,3002-eth2,1080619.38,29094.91,1109714.38,29124,1081700,373.63,417.58,791.21,418,374,0.00,0.00,0,0
1542911896,3007-eth4,20871.13,948473.56,969344.69,949422,20892,309.69,338.66,648.35,339,310,0.00,0.00,0,0
1542911896,3008-eth3,624022.00,1003414.62,1627436.62,1004418,624646,534.47,540.46,1074.93,541,535,0.00,0.00,0,0
1542911896,2001-eth3,346211.81,36587.41,382799.22,36624,346558,138.86,554.45,693.31,555,139,0.00,0.00,0,0
1542911896,2007-eth4,775352.69,313790.22,1089142.88,314104,776128,723.28,107.89,831.17,108,724,0.00,0.00,0,0
1542911896,3002-eth3,29962.04,1194877.12,1224839.25,1196072,29992,427.57,431.57,859.14,432,428,0.00,0.00,0,0
1542911896,3008-eth4,1222503.50,432831.19,1655334.75,433264,1223726,550.45,551.45,1101.90,552,551,0.00,0.00,0,0
1542911896,2001-eth4,1016523.50,378055.97,1394579.50,378434,1017540,648.35,654.35,1302.70,655,649,0.00,0.00,0,0
1542911896,2002-eth3,1224123.88,9356.64,1233480.50,9366,1225348,421.58,99.90,521.48,100,422,0.00,0.00,0,0
1542911896,1001-eth4,448317.69,1118.88,449436.56,1120,448766,517.48,11.99,529.47,12,518,0.00,0.00,0,0
1542911896,2008-eth4,1140197.62,1224962.12,2365159.75,1227412,1142478,394.21,1085.83,1480.04,1088,395,0.00,0.00,0,0
1542911896,2007-eth1,1118.88,448317.69,449436.56,448766,1120,11.99,517.48,529.47,518,12,0.00,0.00,0,0
1542911896,3003-eth3,54387.61,696393.62,750781.25,697090,54442,578.42,424.58,1003.00,425,579,0.00,0.00,0,0
1542911896,2002-eth4,29094.91,1080619.38,1109714.38,1081700,29124,417.58,373.63,791.21,374,418,0.00,0.00,0,0
1542911896,1002-eth4,0.00,540321.69,540321.69,540862,0,0.00,186.81,186.81,187,0,0.00,0.00,0,0
1542911896,3003-eth4,1226211.88,884825.19,2111037.00,885710,1227438,694.31,694.31,1388.61,695,695,0.00,0.00,0,0
1542911896,2008-eth1,1178626.75,616706.62,1795333.38,617940,1180984,407.19,213.57,620.76,214,408,0.00,0.00,0,0
1542911896,1001-eth1,1237333.38,508257.50,1745590.88,509274,1239808,614.77,1188.62,1803.39,1191,616,0.00,0.00,0,0
1542911896,3004-eth3,1205620.75,1214760.50,2420381.25,1217190,1208032,750.50,801.40,1551.90,803,752,0.00,0.00,0,0
1542911896,2003-eth4,1224479.12,1224830.38,2449309.50,1227280,1226928,423.15,910.18,1333.33,912,424,0.00,0.00,0,0
1542911896,1002-eth1,115353.30,0.00,115353.30,0,115584,39.92,0.00,39.92,0,40,0.00,0.00,0,0
1542911896,3004-eth4,1225924.12,26676.65,1252600.88,26730,1228376,423.15,404.19,827.35,405,424,0.00,0.00,0,0
1542911896,2004-eth4,1220519.00,19365.27,1239884.25,19404,1222960,713.57,293.41,1006.99,294,715,0.00,0.00,0,0
1542911896,2003-eth1,1184916.25,464944.12,1649860.38,465874,1187286,1048.90,979.04,2027.94,981,1051,0.00,0.00,0,0
1542911896,1003-eth1,640355.31,616706.62,1257061.88,617940,641636,221.56,213.57,435.13,214,222,0.00,0.00,0,0
1542911896,3005-eth4,9776.45,235810.39,245586.83,236282,9796,103.79,156.69,260.48,157,104,0.00,0.00,0,0
1542911896,2004-eth1,171518.97,1178626.75,1350145.75,1180984,171862,58.88,407.19,466.07,408,59,0.00,0.00,0,0
1542911896,1003-eth2,1178626.75,171518.97,1350145.75,171862,1180984,407.19,58.88,466.07,59,408,0.00,0.00,0,0
1542911896,1004-eth1,202888.23,9329.34,212217.58,9348,203294,532.93,99.80,632.73,100,534,0.00,0.00,0,0
1542911896,3006-eth4,26281.44,1222968.12,1249249.50,1225414,26334,398.20,422.16,820.36,423,399,0.00,0.00,0,0
1542911896,enp5s0f0,1940.12,526.95,2467.07,528,1944,7.98,7.98,15.97,8,8,0.00,0.00,0,0
1542911896,3005-eth1,177461.08,12345.31,189806.39,12370,177816,82.83,184.63,267.47,185,83,0.00,0.00,0,0
1542911896,2005-eth1,455405.19,21297.41,476702.59,21340,456316,177.64,320.36,498.00,321,178,0.00,0.00,0,0
1542911896,1004-eth2,477704.59,19359.28,497063.88,19398,478660,165.67,293.41,459.08,294,166,0.00,0.00,0,0
1542911896,3006-eth1,393357.28,8892.22,402249.50,8910,394144,135.73,134.73,270.46,135,136,0.00,0.00,0,0
1542911896,2005-eth2,115353.30,0.00,115353.30,0,115584,39.92,0.00,39.92,0,40,0.00,0.00,0,0
1542911896,3001-eth4,1221457.12,26940.12,1248397.25,26994,1223900,421.16,408.18,829.34,409,422,0.00,0.00,0,0
1542911896,2006-eth1,468836.34,0.00,468836.34,0,469774,162.67,0.00,162.67,0,163,0.00,0.00,0,0
1542911896,3007-eth1,224401.20,1508.98,225910.19,1512,224850,88.82,15.97,104.79,16,89,0.00,0.00,0,0
1542911896,2006-eth2,173762.48,9287.43,183049.91,9306,174110,114.77,98.80,213.57,99,115,0.00,0.00,0,0
1542911896,3002-eth4,1013071.88,622724.56,1635796.50,623970,1015098,635.73,703.59,1339.32,705,637,0.00,0.00,0,0
1542911896,3001-eth1,36485.03,345866.28,382351.31,346558,36558,552.89,138.72,691.62,139,554,0.00,0.00,0,0
1542911896,3007-eth2,1137175.62,36592.82,1173768.50,36666,1139450,392.22,554.89,947.11,556,393,0.00,0.00,0,0
1542911896,2001-eth1,508257.50,1235822.38,1744079.88,1238294,509274,1188.62,613.77,1802.40,615,1191,0.00,0.00,0,0
1542911896,3008-eth1,313477.06,774578.88,1088055.88,776128,314104,107.78,722.55,830.34,724,108,0.00,0.00,0,0
1542911896,2007-eth2,536826.38,0.00,536826.38,0,537900,185.63,0.00,185.63,0,186,0.00,0.00,0,0
1542911896,3002-eth1,377772.47,1013998.06,1391770.50,1016026,378528,654.69,646.71,1301.40,648,656,0.00,0.00,0,0
1542911896,2001-eth2,0.00,115353.30,115353.30,115584,0,0.00,39.92,39.92,40,0,0.00,0.00,0,0
1542911896,3008-eth2,1224962.12,1137241.50,2362203.75,1139516,1227412,1085.83,393.21,1479.04,394,1088,0.00,0.00,0,0
1542911896,2002-eth1,616706.62,637399.25,1254105.88,638674,617940,213.57,220.56,434.13,221,214,0.00,0.00,0,0
1542911896,2007-eth3,1508.98,224401.20,225910.19,224850,1512,15.97,88.82,104.79,89,16,0.00,0.00,0,0
1542911896,2008-eth2,506770.47,19341.32,526111.81,19380,507784,582.83,293.41,876.25,294,584,0.00,0.00,0,0
1542911896,1001-eth2,464944.12,1186361.25,1651305.38,1188734,465874,979.04,1048.90,2027.94,1051,981,0.00,0.00,0,0
1542911896,3003-eth1,1176421.25,1223876.25,2400297.50,1226324,1178774,569.86,1241.52,1811.38,1244,571,0.00,0.00,0,0
1542911896,2002-eth2,9329.34,202966.08,212295.42,203372,9348,99.80,533.93,633.73,535,100,0.00,0.00,0,0
1542911896,2008-eth3,36592.82,1137175.62,1173768.50,1139450,36666,554.89,392.22,947.11,393,556,0.00,0.00,0,0
1542911896,1001-eth3,21297.41,458361.28,479658.69,459278,21340,320.36,178.64,499.00,179,321,0.00,0.00,0,0
1542911896,1002-eth2,536826.38,59.88,536886.25,60,537900,185.63,1.00,186.63,1,186,0.00,0.00,0,0
1542911896,3003-eth2,194904.20,0.00,194904.20,0,195294,457.09,0.00,457.09,0,458,0.00,0.00,0,0
1542911896,3004-eth1,1224830.38,1221523.00,2446353.25,1223966,1227280,910.18,422.16,1332.34,423,912,0.00,0.00,0,0
1542911896,2003-eth2,59.88,536826.38,536886.25,537900,60,1.00,185.63,186.63,186,1,0.00,0.00,0,0
1542911896,1002-eth3,0.00,115353.30,115353.30,115584,0,0.00,39.92,39.92,40,0,0.00,0.00,0,0
1542911896,3004-eth2,19299.40,1223541.00,1242840.38,1225988,19338,292.42,715.57,1007.98,717,293,0.00,0.00,0,0
1542911896,2003-eth3,1223876.25,1176421.25,2400297.50,1178774,1226324,1241.52,569.86,1811.38,571,1244,0.00,0.00,0,0
1542911896,2004-eth2,19359.28,477704.59,497063.88,478660,19398,293.41,165.67,459.08,166,294,0.00,0.00,0,0
1542911896,1003-eth3,0.00,468836.34,468836.34,469774,0,0.00,162.67,162.67,163,0,0.00,0.00,0,0
1542911896,3005-eth2,642532.94,9347.31,651880.25,9366,643818,276.45,99.80,376.25,100,277,0.00,0.00,0,0
1542911896,2004-eth3,0.00,194904.20,194904.20,195294,0,0.00,457.09,457.09,458,0,0.00,0.00,0,0
1542911896,1003-eth4,616706.62,1178626.75,1795333.38,1180984,617940,213.57,407.19,620.76,408,214,0.00,0.00,0,0
1542911896,1004-eth3,9287.43,173762.48,183049.91,174110,9306,98.80,114.77,213.57,115,99,0.00,0.00,0,0
1542911896,total,38566412.00,39335976.00,77902392.00,39414648,38643542,28808.38,28959.08,57767.47,29017,28866,0.00,0.00,0,0
1542911897,3005-eth3,9395.21,474682.66,484077.84,475632,9414,142.71,163.67,306.39,164,143,0.00,0.00,0,0
1542911897,3006-eth2,0.00,0.00,0.00,0,0,0.00,0.00,0.00,0,0,0.00,0.00,0,0
1542911897,2005-eth3,10037.92,0.00,10037.92,0,10058,148.70,0.00,148.70,0,149,0.00,0.00,0,0
1542911897,1004-eth4,22251.50,718401.19,740652.69,719838,22296,315.37,681.64,997.01,683,316,0.00,0.00,0,0
1542911897,3006-eth3,1223531.00,674191.62,1897722.62,675540,1225978,627.74,624.75,1252.50,626,629,0.00,0.00,0,0
1542911897,2005-eth4,13898.20,647712.56,661610.81,649008,13926,210.58,223.55,434.13,224,211,0.00,0.00,0,0
1542911897,2006-eth3,13926.15,698307.38,712233.56,699704,13954,148.70,311.38,460.08,312,149,0.00,0.00,0,0
1542911897,3001-eth2,13884.23,1223828.38,1237712.62,1226276,13912,147.70,457.09,604.79,458,148,0.00,0.00,0,0
1542911897,3007-eth3,14928.14,788201.62,803129.75,789778,14958,226.55,272.46,499.00,273,227,0.00,0.00,0,0
1542911897,2006-eth4,0.00,0.00,0.00,0,0,0.00,0.00,0.00,0,0,0.00,0.00,0,0
1542911897,lo,100978.05,100978.05,201956.09,101180,101180,245.51,245.51,491.02,246,246,0.00,0.00,0,0
1542911897,3001-eth3,753908.19,662546.94,1416455.12,663872,755416,475.05,538.92,1013.97,540,476,0.00,0.00,0,0
1542911897,3002-eth2,1221564.88,30748.50,1252313.38,30810,1224008,423.15,444.11,867.27,445,424,0.00,0.00,0,0
1542911897,3007-eth4,23013.97,992261.50,1015275.50,994246,23060,323.35,342.32,665.67,343,324,0.00,0.00,0,0
1542911897,3008-eth3,485868.28,724509.00,1210377.25,725958,486840,399.20,402.20,801.40,403,400,0.00,0.00,0,0
1542911897,2001-eth3,246544.92,28850.30,275395.22,28908,247038,122.75,437.13,559.88,438,123,0.00,0.00,0,0
1542911897,2007-eth4,22766.47,366794.41,389560.88,367528,22812,345.31,127.74,473.05,128,346,0.00,0.00,0,0
1542911897,3002-eth3,32844.31,1222892.25,1255736.50,1225338,32910,466.07,436.13,902.20,437,467,0.00,0.00,0,0
1542911897,3008-eth4,828580.88,384668.69,1213249.50,385438,830238,402.20,398.20,800.40,399,403,0.00,0.00,0,0
1542911897,2001-eth4,999666.69,50151.70,1049818.38,50252,1001666,663.67,532.93,1196.61,534,665,0.00,0.00,0,0
1542911897,2002-eth3,1226784.50,13884.23,1240668.75,13912,1229238,458.08,147.70,605.79,148,459,0.00,0.00,0,0
1542911897,1001-eth4,23409.18,0.00,23409.18,0,23456,351.30,0.00,351.30,0,352,0.00,0.00,0,0
1542911897,2008-eth4,1221523.00,1224177.62,2445700.75,1226626,1223966,422.16,1075.85,1498.00,1078,423,0.00,0.00,0,0
1542911897,2007-eth1,0.00,23409.18,23409.18,23456,0,0.00,351.30,351.30,352,0,0.00,0.00,0,0
1542911897,3003-eth3,49157.69,164768.47,213926.16,165098,49256,522.95,108.78,631.74,109,524,0.00,0.00,0,0
1542911897,2002-eth4,30748.50,1221564.88,1252313.38,1224008,30810,444.11,423.15,867.27,424,445,0.00,0.00,0,0
1542911897,1002-eth4,0.00,366752.50,366752.50,367486,0,0.00,126.75,126.75,127,0,0.00,0.00,0,0
1542911897,3003-eth4,1222016.00,613690.62,1835706.62,614918,1224460,604.79,605.79,1210.58,607,606,0.00,0.00,0,0
1542911897,2008-eth1,1178560.88,865209.62,2043770.50,866940,1180918,406.19,300.40,706.59,301,407,0.00,0.00,0,0
1542911897,1001-eth1,1238044.00,70740.52,1308784.50,70882,1240520,662.67,845.31,1507.98,847,664,0.00,0.00,0,0
1542911897,3004-eth3,1223271.50,1045081.88,2268353.25,1047172,1225718,645.71,748.50,1394.21,750,647,0.00,0.00,0,0
1542911897,2003-eth4,1224473.12,1170249.50,2394722.50,1172590,1226922,423.15,937.13,1360.28,939,424,0.00,0.00,0,0
1542911897,1002-eth1,0.00,0.00,0.00,0,0,0.00,0.00,0.00,0,0,0.00,0.00,0,0
1542911897,3004-eth4,1223034.00,28455.09,1251489.00,28512,1225480,423.15,409.18,832.34,410,424,0.00,0.00,0,0
1542911897,2004-eth4,1225576.88,22263.47,1247840.38,22308,1228028,680.64,315.37,996.01,316,682,0.00,0.00,0,0
1542911897,2003-eth1,1020752.50,707824.38,1728576.88,709240,1022794,970.06,914.17,1884.23,916,972,0.00,0.00,0,0
1542911897,1003-eth1,474742.53,868105.81,1342848.38,869842,475692,164.67,300.40,465.07,301,165,0.00,0.00,0,0
1542911897,3005-eth4,14568.86,223624.75,238193.62,224072,14598,154.69,147.70,302.40,148,155,0.00,0.00,0,0
1542911897,2004-eth1,0.00,1178620.75,1178620.75,1180978,0,0.00,407.19,407.19,408,0,0.00,0.00,0,0
1542911897,1003-eth2,1178620.75,0.00,1178620.75,0,1180978,407.19,0.00,407.19,0,408,0.00,0.00,0,0
1542911897,1004-eth1,254373.27,13926.15,268299.41,13954,254882,591.82,148.70,740.52,149,593,0.00,0.00,0,0
1542911897,3006-eth4,26479.04,1224413.25,1250892.25,1226862,26532,401.20,422.16,823.35,423,402,0.00,0.00,0,0
1542911897,enp5s0f0,0.00,0.00,0.00,0,0,0.00,0.00,0.00,0,0,0.00,0.00,0,0
1542911897,3005-eth1,0.00,10037.92,10037.92,10058,0,0.00,148.70,148.70,149,0,0.00,0.00,0,0
1542911897,2005-eth1,647712.56,23936.13,671648.75,23984,649008,223.55,359.28,582.83,360,224,0.00,0.00,0,0
1542911897,1004-eth2,684696.62,22263.47,706960.12,22308,686066,236.53,315.37,551.90,316,237,0.00,0.00,0,0
1542911897,3006-eth1,647712.56,13898.20,661610.81,13926,649008,223.55,210.58,434.13,211,224,0.00,0.00,0,0
1542911897,2005-eth2,0.00,0.00,0.00,0,0,0.00,0.00,0.00,0,0,0.00,0.00,0,0
1542911897,3001-eth4,1224413.25,27269.46,1251682.62,27324,1226862,422.16,413.17,835.33,414,423,0.00,0.00,0,0
1542911897,2006-eth1,474682.66,59.88,474742.53,60,475632,163.67,1.00,164.67,1,164,0.00,0.00,0,0
1542911897,3007-eth1,41.92,726.55,768.46,728,42,1.00,7.98,8.98,8,1,0.00,0.00,0,0
1542911897,2006-eth2,223624.75,13926.15,237550.91,13954,224072,147.70,148.70,296.41,149,148,0.00,0.00,0,0
1542911897,3002-eth4,997570.88,598784.44,1596355.38,599982,999566,641.72,707.58,1349.30,709,643,0.00,0.00,0,0
1542911897,3001-eth1,28850.30,246544.92,275395.22,247038,28908,437.13,122.75,559.88,123,438,0.00,0.00,0,0
1542911897,3007-eth2,1222968.12,37149.70,1260117.75,37224,1225414,422.16,540.92,963.07,542,423,0.00,0.00,0,0
1542911897,2001-eth1,70740.52,1238044.00,1308784.50,1240520,70882,845.31,662.67,1507.98,664,847,0.00,0.00,0,0
1542911897,3008-eth1,366794.41,22766.47,389560.88,22812,367528,127.74,345.31,473.05,346,128,0.00,0.00,0,0
1542911897,2007-eth2,366752.50,0.00,366752.50,0,367486,126.75,0.00,126.75,0,127,0.00,0.00,0,0
1542911897,3002-eth1,50057.89,999666.69,1049724.62,1001666,50158,531.94,663.67,1195.61,665,533,0.00,0.00,0,0
1542911897,2001-eth2,0.00,0.00,0.00,0,0,0.00,0.00,0.00,0,0,0.00,0.00,0,0
1542911897,3008-eth2,1224177.62,1224479.12,2448656.75,1226928,1226626,1075.85,423.15,1499.00,424,1078,0.00,0.00,0,0
1542911897,2002-eth1,868105.81,474742.53,1342848.38,475692,869842,300.40,164.67,465.07,165,301,0.00,0.00,0,0
1542911897,2007-eth3,726.55,41.92,768.46,42,728,7.98,1.00,8.98,1,8,0.00,0.00,0,0
1542911897,2008-eth2,715445.12,22263.47,737708.62,22308,716876,680.64,315.37,996.01,316,682,0.00,0.00,0,0
1542911897,1001-eth2,707824.38,1017796.44,1725620.75,1019832,709240,914.17,969.06,1883.23,971,916,0.00,0.00,0,0
1542911897,3003-eth1,958712.62,1226393.25,2185105.75,1228846,960630,402.20,1105.79,1507.98,1108,403,0.00,0.00,0,0
1542911897,2002-eth2,13926.15,254295.42,268221.56,254804,13954,148.70,590.82,739.52,592,149,0.00,0.00,0,0
1542911897,2008-eth3,37149.70,1222968.12,1260117.75,1225414,37224,540.92,422.16,963.07,423,542,0.00,0.00,0,0
1542911897,1001-eth3,23936.13,644756.50,668692.62,646046,23984,359.28,222.55,581.84,223,360,0.00,0.00,0,0
1542911897,1002-eth2,366752.50,0.00,366752.50,0,367486,126.75,0.00,126.75,0,127,0.00,0.00,0,0
1542911897,3003-eth2,26676.65,0.00,26676.65,0,26730,404.19,0.00,404.19,0,405,0.00,0.00,0,0
1542911897,3004-eth1,1170249.50,1224473.12,2394722.50,1226922,1172590,937.13,423.15,1360.28,424,939,0.00,0.00,0,0
1542911897,2003-eth2,0.00,366752.50,366752.50,367486,0,0.00,126.75,126.75,127,0,0.00,0.00,0,0
1542911897,1002-eth3,0.00,0.00,0.00,0,0,0.00,0.00,0.00,0,0,0.00,0.00,0,0
1542911897,3004-eth2,22263.47,1222554.88,1244818.38,1225000,22308,315.37,678.64,994.01,680,316,0.00,0.00,0,0
1542911897,2003-eth3,1226393.25,958712.62,2185105.75,960630,1228846,1105.79,402.20,1507.98,403,1108,0.00,0.00,0,0
1542911897,2004-eth2,22263.47,684696.62,706960.12,686066,22308,315.37,236.53,551.90,237,316,0.00,0.00,0,0
1542911897,1003-eth3,59.88,474682.66,474742.53,475632,60,1.00,163.67,164.67,164,1,0.00,0.00,0,0
1542911897,3005-eth2,698307.38,13926.15,712233.56,13954,699704,311.38,148.70,460.08,149,312,0.00,0.00,0,0
1542911897,2004-eth3,0.00,26676.65,26676.65,26730,0,0.00,404.19,404.19,405,0,0.00,0.00,0,0
1542911897,1003-eth4,868165.69,1178560.88,2046726.62,1180918,869902,301.40,406.19,707.58,407,302,0.00,0.00,0,0
1542911897,1004-eth3,13926.15,223624.75,237550.91,224072,13954,148.70,147.70,296.41,148,149,0.00,0.00,0,0
1542911897,total,36065408.00,36553960.00,72619368.00,36627068,36137536,27516.97,27375.25,54892.22,27430,27572,0.00,0.00,0,0
1542911898,3005-eth3,6387.23,233662.69,240049.91,234130,6400,75.85,80.84,156.69,81,76,0.00,0.00,0,0
1542911898,3006-eth2,0.00,0.00,0.00,0,0,0.00,0.00,0.00,0,0,0.00,0.00,0,0
1542911898,2005-eth3,6387.23,0.00,6387.23,0,6400,75.85,0.00,75.85,0,76,0.00,0.00,0,0
1542911898,1004-eth4,15538.92,691245.50,706784.44,692628,15570,216.57,489.02,705.59,490,217,0.00,0.00,0,0
1542911898,3006-eth3,1225960.12,656389.25,1882349.38,657702,1228412,620.76,617.76,1238.52,619,622,0.00,0.00,0,0
1542911898,2005-eth4,13371.26,629976.06,643347.31,631236,13398,202.59,217.56,420.16,218,203,0.00,0.00,0,0
1542911898,2006-eth3,13227.54,448221.56,461449.12,449118,13254,140.72,222.55,363.27,223,141,0.00,0.00,0,0
1542911898,3001-eth2,13227.54,1229287.50,1242515.00,1231746,13254,140.72,496.01,636.73,497,141,0.00,0.00,0,0
1542911898,3007-eth3,11263.47,624063.88,635327.38,625312,11286,170.66,215.57,386.23,216,171,0.00,0.00,0,0
1542911898,2006-eth4,0.00,0.00,0.00,0,0,0.00,0.00,0.00,0,0,0.00,0.00,0,0
1542911898,lo,0.00,0.00,0.00,0,0,0.00,0.00,0.00,0,0,0.00,0.00,0,0
1542911898,3001-eth3,1042710.62,483041.94,1525752.50,484008,1044796,604.79,624.75,1229.54,626,606,0.00,0.00,0,0
1542911898,3002-eth2,1225924.12,16928.14,1242852.38,16962,1228376,423.15,256.49,679.64,257,424,0.00,0.00,0,0
1542911898,3007-eth4,15461.08,674317.38,689778.44,675666,15492,215.57,232.53,448.10,233,216,0.00,0.00,0,0
1542911898,3008-eth3,505395.22,612596.81,1117992.00,613822,506406,366.27,370.26,736.53,371,367,0.00,0.00,0,0
1542911898,2001-eth3,841435.12,37600.80,879035.94,37676,843118,290.42,497.01,787.43,498,291,0.00,0.00,0,0
1542911898,2007-eth4,26778.44,595948.12,622726.56,597140,26832,393.21,205.59,598.80,206,394,0.00,0.00,0,0
1542911898,3002-eth3,18003.99,986349.31,1004353.31,988322,18040,267.47,340.32,607.78,341,268,0.00,0.00,0,0
1542911898,3008-eth4,745862.31,611888.25,1357750.50,613112,747354,450.10,447.11,897.21,448,451,0.00,0.00,0,0
1542911898,2001-eth4,403151.72,22421.16,425572.88,22466,403958,402.20,238.52,640.72,239,403,0.00,0.00,0,0
1542911898,2002-eth3,1227842.38,13227.54,1241069.88,13254,1230298,496.01,140.72,636.73,141,497,0.00,0.00,0,0
1542911898,1001-eth4,26778.44,0.00,26778.44,0,26832,393.21,0.00,393.21,0,394,0.00,0.00,0,0
1542911898,2008-eth4,1224479.12,664079.88,1888558.88,665408,1226928,423.15,646.71,1069.86,648,424,0.00,0.00,0,0
1542911898,2007-eth1,0.00,26778.44,26778.44,26832,0,0.00,393.21,393.21,394,0,0.00,0.00,0,0
1542911898,3003-eth3,26642.71,0.00,26642.71,0,26696,283.43,0.00,283.43,0,284,0.00,0.00,0,0
1542911898,2002-eth4,16928.14,1225924.12,1242852.38,1228376,16962,256.49,423.15,679.64,424,257,0.00,0.00,0,0
1542911898,1002-eth4,0.00,595948.12,595948.12,597140,0,0.00,205.59,205.59,206,0,0.00,0.00,0,0
1542911898,3003-eth4,985219.56,966437.12,1951656.75,968370,987190,629.74,651.70,1281.44,653,631,0.00,0.00,0,0
1542911898,2008-eth1,635888.25,835523.00,1471411.25,837194,637160,219.56,288.42,507.98,289,220,0.00,0.00,0,0
1542911898,1001-eth1,1231091.88,46526.95,1277618.75,46620,1233554,539.92,582.83,1122.75,584,541,0.00,0.00,0,0
1542911898,3004-eth3,1223004.00,847089.81,2070093.88,848784,1225450,619.76,682.63,1302.40,684,621,0.00,0.00,0,0
1542911898,2003-eth4,1208187.62,857870.31,2066058.00,859586,1210604,417.17,877.25,1294.41,879,418,0.00,0.00,0,0
1542911898,1002-eth1,0.00,0.00,0.00,0,0,0.00,0.00,0.00,0,0,0.00,0.00,0,0
1542911898,3004-eth4,1222968.12,29329.34,1252297.50,29388,1225414,422.16,413.17,835.33,414,423,0.00,0.00,0,0
1542911898,2004-eth4,1224000.00,15461.08,1239461.12,15492,1226448,678.64,215.57,894.21,216,680,0.00,0.00,0,0
1542911898,2003-eth1,982157.69,670115.81,1652273.50,671456,984122,921.16,724.55,1645.71,726,923,0.00,0.00,0,0
1542911898,1003-eth1,233662.69,832566.88,1066229.62,834232,234130,80.84,287.43,368.26,288,81,0.00,0.00,0,0
1542911898,3005-eth4,13227.54,214558.89,227786.44,214988,13254,140.72,141.72,282.44,142,141,0.00,0.00,0,0
1542911898,2004-eth1,0.00,635888.25,635888.25,637160,0,0.00,219.56,219.56,220,0,0.00,0.00,0,0
1542911898,1003-eth2,635888.25,0.00,635888.25,0,637160,219.56,0.00,219.56,0,220,0.00,0.00,0,0
1542911898,1004-eth1,231487.03,13227.54,244714.58,13254,231950,398.20,140.72,538.92,141,399,0.00,0.00,0,0
1542911898,3006-eth4,26479.04,1222968.12,1249447.12,1225414,26532,401.20,422.16,823.35,423,402,0.00,0.00,0,0
1542911898,enp5s0f0,0.00,0.00,0.00,0,0,0.00,0.00,0.00,0,0,0.00,0.00,0,0
1542911898,3005-eth1,0.00,6387.23,6387.23,6400,0,0.00,75.85,75.85,76,0,0.00,0.00,0,0
1542911898,2005-eth1,629976.06,19758.48,649734.56,19798,631236,217.56,278.44,496.01,279,218,0.00,0.00,0,0
1542911898,1004-eth2,674317.38,15461.08,689778.44,15492,675666,232.53,215.57,448.10,216,233,0.00,0.00,0,0
1542911898,3006-eth1,629976.06,13371.26,643347.31,13398,631236,217.56,202.59,420.16,203,218,0.00,0.00,0,0
1542911898,2005-eth2,0.00,0.00,0.00,0,0,0.00,0.00,0.00,0,0,0.00,0.00,0,0
1542911898,3001-eth4,1224347.38,36910.18,1261257.50,36984,1226796,421.16,419.16,840.32,420,422,0.00,0.00,0,0
1542911898,2006-eth1,233662.69,0.00,233662.69,0,234130,80.84,0.00,80.84,0,81,0.00,0.00,0,0
1542911898,3007-eth1,0.00,0.00,0.00,0,0,0.00,0.00,0.00,0,0,0.00,0.00,0,0
1542911898,2006-eth2,214558.89,13227.54,227786.44,13254,214988,141.72,140.72,282.44,141,142,0.00,0.00,0,0
1542911898,3002-eth4,402075.84,402648.72,804724.56,403454,402880,391.22,416.17,807.39,417,392,0.00,0.00,0,0
1542911898,3001-eth1,37600.80,841435.12,879035.94,843118,37676,497.01,290.42,787.43,291,498,0.00,0.00,0,0
1542911898,3007-eth2,1222968.12,26724.55,1249692.62,26778,1225414,422.16,386.23,808.38,387,423,0.00,0.00,0,0
1542911898,2001-eth1,46526.95,1231091.88,1277618.75,1233554,46620,582.83,539.92,1122.75,541,584,0.00,0.00,0,0
1542911898,3008-eth1,595948.12,26778.44,622726.56,26832,597140,205.59,393.21,598.80,394,206,0.00,0.00,0,0
1542911898,2007-eth2,595948.12,0.00,595948.12,0,597140,205.59,0.00,205.59,0,206,0.00,0.00,0,0
1542911898,3002-eth1,22421.16,403151.72,425572.88,403958,22466,238.52,402.20,640.72,403,239,0.00,0.00,0,0
1542911898,2001-eth2,0.00,0.00,0.00,0,0,0.00,0.00,0.00,0,0,0.00,0.00,0,0
1542911898,3008-eth2,664079.88,1221523.00,1885602.88,1223966,665408,646.71,422.16,1068.86,423,648,0.00,0.00,0,0
1542911898,2002-eth1,832566.88,233662.69,1066229.62,234130,834232,287.43,80.84,368.26,81,288,0.00,0.00,0,0
1542911898,2007-eth3,0.00,0.00,0.00,0,0,0.00,0.00,0.00,0,0,0.00,0.00,0,0
1542911898,2008-eth2,691245.50,15461.08,706706.62,15492,692628,489.02,215.57,704.59,216,490,0.00,0.00,0,0
1542911898,1001-eth2,670115.81,985113.81,1655229.62,987084,671456,724.55,922.16,1646.71,924,726,0.00,0.00,0,0
1542911898,3003-eth1,944964.12,980301.44,1925265.50,982262,946854,326.35,895.21,1221.56,897,327,0.00,0.00,0,0
1542911898,2002-eth2,13227.54,231487.03,244714.58,231950,13254,140.72,398.20,538.92,399,141,0.00,0.00,0,0
1542911898,2008-eth3,26724.55,1225924.12,1252648.75,1228376,26778,386.23,423.15,809.38,424,387,0.00,0.00,0,0
1542911898,1001-eth3,19758.48,629976.06,649734.56,631236,19798,278.44,217.56,496.01,218,279,0.00,0.00,0,0
1542911898,1002-eth2,595948.12,0.00,595948.12,0,597140,205.59,0.00,205.59,0,206,0.00,0.00,0,0
1542911898,3003-eth2,21407.19,0.00,21407.19,0,21450,324.35,0.00,324.35,0,325,0.00,0.00,0,0
1542911898,3004-eth1,860958.12,1208187.62,2069145.75,1210604,862680,880.24,417.17,1297.41,418,882,0.00,0.00,0,0
1542911898,2003-eth2,0.00,595948.12,595948.12,597140,0,0.00,205.59,205.59,206,0,0.00,0.00,0,0
1542911898,1002-eth3,0.00,0.00,0.00,0,0,0.00,0.00,0.00,0,0,0.00,0.00,0,0
1542911898,3004-eth2,15461.08,1224000.00,1239461.12,1226448,15492,215.57,678.64,894.21,680,216,0.00,0.00,0,0
1542911898,2003-eth3,983257.50,944964.12,1928221.62,946854,985224,896.21,326.35,1222.55,327,898,0.00,0.00,0,0
1542911898,2004-eth2,15526.95,674317.38,689844.31,675666,15558,216.57,232.53,449.10,233,217,0.00,0.00,0,0
1542911898,1003-eth3,0.00,233662.69,233662.69,234130,0,0.00,80.84,80.84,81,0,0.00,0.00,0,0
1542911898,3005-eth2,448221.56,13321.36,461542.94,13348,449118,222.55,141.72,364.27,142,223,0.00,0.00,0,0
1542911898,2004-eth3,0.00,21407.19,21407.19,21450,0,0.00,324.35,324.35,325,0,0.00,0.00,0,0
1542911898,1003-eth4,832566.88,635888.25,1468455.12,637160,834232,287.43,219.56,506.99,220,288,0.00,0.00,0,0
1542911898,1004-eth3,13321.36,214558.89,227880.25,214988,13348,141.72,141.72,283.43,142,142,0.00,0.00,0,0
1542911898,total,32685698.00,32594110.00,65279812.00,32659298,32751068,23121.76,23112.78,46234.53,23159,23168,0.00,0.00,0,0
1542911899,3005-eth3,3850.15,116915.09,120765.23,117032,3854,40.96,39.96,80.92,40,41,0.00,0.00,0,0
1542911899,3006-eth2,0.00,0.00,0.00,0,0,0.00,0.00,0.00,0,0,0.00,0.00,0,0
1542911899,2005-eth3,3850.15,0.00,3850.15,0,3854,40.96,0.00,40.96,0,41,0.00,0.00,0,0
1542911899,1004-eth4,12791.21,636765.25,649556.44,637402,12804,193.81,464.54,658.34,465,194,0.00,0.00,0,0
1542911899,3006-eth3,1225272.75,583068.94,1808341.75,583652,1226498,592.41,593.41,1185.81,594,593,0.00,0.00,0,0
1542911899,2005-eth4,11802.20,556563.44,568365.62,557120,11814,178.82,191.81,370.63,192,179,0.00,0.00,0,0
1542911899,2006-eth3,14019.98,159264.73,173284.72,159424,14034,176.82,67.93,244.76,68,177,0.00,0.00,0,0
1542911899,3001-eth2,14019.98,1233152.88,1247172.88,1234386,14034,176.82,536.46,713.29,537,177,0.00,0.00,0,0
1542911899,3007-eth3,10087.91,599502.50,609590.44,600102,10098,152.85,206.79,359.64,207,153,0.00,0.00,0,0
1542911899,2006-eth4,0.00,0.00,0.00,0,0,0.00,0.00,0.00,0,0,0.00,0.00,0,0
1542911899,lo,0.00,0.00,0.00,0,0,0.00,0.00,0.00,0,0,0.00,0.00,0,0
1542911899,3001-eth3,1233198.88,396261.75,1629460.62,396658,1234432,681.32,664.34,1345.65,665,682,0.00,0.00,0,0
1542911899,3002-eth2,1226656.75,16532.94,1243189.62,16566,1229110,478.04,250.50,728.54,251,479,0.00,0.00,0,0
1542911899,3007-eth4,12778.44,613684.62,626463.06,614912,12804,193.61,211.58,405.19,212,194,0.00,0.00,0,0
1542911899,3008-eth3,479862.16,643652.38,1123514.50,644296,480342,366.63,371.63,738.26,372,367,0.00,0.00,0,0
1542911899,2001-eth3,1153106.88,41390.61,1194497.50,41432,1154260,397.60,533.47,931.07,534,398,0.00,0.00,0,0
1542911899,2007-eth4,26901.10,635011.00,661912.12,635646,26928,407.59,218.78,626.37,219,408,0.00,0.00,0,0
1542911899,3002-eth3,16549.45,777110.94,793660.38,777888,16566,250.75,267.73,518.48,268,251,0.00,0.00,0,0
1542911899,3008-eth4,772675.38,651560.44,1424235.75,652212,773448,463.54,469.53,933.07,470,464,0.00,0.00,0,0
1542911899,2001-eth4,89574.43,4227.77,93802.20,4232,89664,227.77,47.95,275.72,48,228,0.00,0.00,0,0
1542911899,2002-eth3,1231640.38,14019.98,1245660.38,14034,1232872,535.46,176.82,712.29,177,536,0.00,0.00,0,0
1542911899,1001-eth4,26901.10,0.00,26901.10,0,26928,407.59,0.00,407.59,0,408,0.00,0.00,0,0
1542911899,2008-eth4,1225636.38,660201.81,1885838.25,660862,1226862,422.58,622.38,1044.96,623,423,0.00,0.00,0,0
1542911899,2007-eth1,0.00,26901.10,26901.10,26928,0,0.00,407.59,407.59,408,0,0.00,0.00,0,0
1542911899,3003-eth3,4227.77,903094.94,907322.69,903998,4232,47.95,314.69,362.64,315,48,0.00,0.00,0,0
1542911899,2002-eth4,16549.45,1227882.12,1244431.62,1229110,16566,250.75,478.52,729.27,479,251,0.00,0.00,0,0
1542911899,1002-eth4,0.00,635011.00,635011.00,635646,0,0.00,218.78,218.78,219,0,0.00,0.00,0,0
1542911899,3003-eth4,1200309.75,1040141.88,2240451.50,1041182,1201510,718.28,746.25,1464.54,747,719,0.00,0.00,0,0
1542911899,2008-eth1,633564.44,871866.19,1505430.62,872738,634198,218.78,300.70,519.48,301,219,0.00,0.00,0,0
1542911899,1001-eth1,1225778.25,28715.29,1254493.50,28744,1227004,445.55,401.60,847.15,402,446,0.00,0.00,0,0
1542911899,3004-eth3,1226417.62,1213344.75,2439762.25,1214558,1227644,741.26,806.19,1547.45,807,742,0.00,0.00,0,0
1542911899,2003-eth4,1222677.38,1219562.50,2442239.75,1220782,1223900,421.58,1009.99,1431.57,1011,422,0.00,0.00,0,0
1542911899,1002-eth1,0.00,0.00,0.00,0,0,0.00,0.00,0.00,0,0,0.00,0.00,0,0
1542911899,3004-eth4,1224189.88,26637.36,1250827.25,26664,1225414,422.58,403.60,826.17,404,423,0.00,0.00,0,0
1542911899,2004-eth4,1223388.62,12791.21,1236179.88,12804,1224612,717.28,193.81,911.09,194,718,0.00,0.00,0,0
1542911899,2003-eth1,1184505.50,581428.56,1765934.12,582010,1185690,984.02,552.45,1536.46,553,985,0.00,0.00,0,0
1542911899,1003-eth1,116915.09,871866.19,988781.25,872738,117032,39.96,300.70,340.66,301,40,0.00,0.00,0,0
1542911899,3005-eth4,14019.98,42349.65,56369.63,42392,14034,176.82,27.97,204.80,28,177,0.00,0.00,0,0
1542911899,2004-eth1,0.00,633564.44,633564.44,634198,0,0.00,218.78,218.78,219,0,0.00,0.00,0,0
1542911899,1003-eth2,633564.44,0.00,633564.44,0,634198,218.78,0.00,218.78,0,219,0.00,0.00,0,0
1542911899,1004-eth1,58899.10,14019.98,72919.09,14034,58958,278.72,176.82,455.54,177,279,0.00,0.00,0,0
1542911899,3006-eth4,26439.56,1225636.38,1252076.00,1226862,26466,400.60,422.58,823.18,423,401,0.00,0.00,0,0
1542911899,enp5s0f0,0.00,0.00,0.00,0,0,0.00,0.00,0.00,0,0,0.00,0.00,0,0
1542911899,3005-eth1,0.00,3850.15,3850.15,3854,0,0.00,40.96,40.96,41,0,0.00,0.00,0,0
1542911899,2005-eth1,556563.44,15718.28,572281.75,15734,557120,191.81,220.78,412.59,221,192,0.00,0.00,0,0
1542911899,1004-eth2,620215.81,12791.21,633007.00,12804,620836,213.79,193.81,407.59,194,214,0.00,0.00,0,0
1542911899,3006-eth1,556563.44,11868.13,568431.56,11880,557120,191.81,179.82,371.63,180,192,0.00,0.00,0,0
1542911899,2005-eth2,0.00,0.00,0.00,0,0,0.00,0.00,0.00,0,0,0.00,0.00,0,0
1542911899,3001-eth4,1225702.38,39816.18,1265518.50,39856,1226928,423.58,423.58,847.15,424,424,0.00,0.00,0,0
1542911899,2006-eth1,116915.09,0.00,116915.09,0,117032,39.96,0.00,39.96,0,40,0.00,0.00,0,0
1542911899,3007-eth1,0.00,0.00,0.00,0,0,0.00,0.00,0.00,0,0,0.00,0.00,0,0
1542911899,2006-eth2,42349.65,14019.98,56369.63,14034,42392,27.97,176.82,204.80,177,28,0.00,0.00,0,0
1542911899,3002-eth4,89668.34,373262.75,462931.09,373636,89758,228.77,225.77,454.55,226,229,0.00,0.00,0,0
1542911899,3001-eth1,41484.52,1153106.88,1194591.50,1154260,41526,534.47,397.60,932.07,398,535,0.00,0.00,0,0
1542911899,3007-eth2,1225636.38,22945.05,1248581.50,22968,1226862,422.58,347.65,770.23,348,423,0.00,0.00,0,0
1542911899,2001-eth1,28715.29,1225778.25,1254493.50,1227004,28744,401.60,445.55,847.15,446,402,0.00,0.00,0,0
1542911899,3008-eth1,637970.06,26967.03,664937.06,26994,638608,219.78,408.59,628.37,409,220,0.00,0.00,0,0
1542911899,2007-eth2,637970.06,0.00,637970.06,0,638608,219.78,0.00,219.78,0,220,0.00,0.00,0,0
1542911899,3002-eth1,4227.77,89668.34,93896.11,89758,4232,47.95,228.77,276.72,229,48,0.00,0.00,0,0
1542911899,2001-eth2,0.00,0.00,0.00,0,0,0.00,0.00,0.00,0,0,0.00,0.00,0,0
1542911899,3008-eth2,660267.75,1225636.38,1885904.12,1226862,660928,623.38,422.58,1045.95,423,624,0.00,0.00,0,0
1542911899,2002-eth1,871866.19,116915.09,988781.25,117032,872738,300.70,39.96,340.66,40,301,0.00,0.00,0,0
1542911899,2007-eth3,0.00,0.00,0.00,0,0,0.00,0.00,0.00,0,0,0.00,0.00,0,0
1542911899,2008-eth2,636765.25,12857.14,649622.38,12870,637402,464.54,194.81,659.34,195,465,0.00,0.00,0,0
1542911899,1001-eth2,581428.56,1184637.38,1766066.00,1185822,582010,552.45,986.01,1538.46,987,553,0.00,0.00,0,0
1542911899,3003-eth1,1172499.50,1204603.38,2377103.00,1205808,1173672,407.59,767.23,1174.83,768,408,0.00,0.00,0,0
1542911899,2002-eth2,14019.98,58899.10,72919.09,58958,14034,176.82,278.72,455.54,279,177,0.00,0.00,0,0
1542911899,2008-eth3,23010.99,1222677.38,1245688.38,1223900,23034,348.65,421.58,770.23,422,349,0.00,0.00,0,0
1542911899,1001-eth3,15718.28,556563.44,572281.75,557120,15734,220.78,191.81,412.59,192,221,0.00,0.00,0,0
1542911899,1002-eth2,637970.06,0.00,637970.06,0,638608,219.78,0.00,219.78,0,220,0.00,0.00,0,0
1542911899,3003-eth2,26175.82,0.00,26175.82,0,26202,396.60,0.00,396.60,0,397,0.00,0.00,0,0
1542911899,3004-eth1,1216471.50,1225636.38,2442108.00,1226862,1217688,1006.99,422.58,1429.57,423,1008,0.00,0.00,0,0
1542911899,2003-eth2,0.00,637970.06,637970.06,638608,0,0.00,219.78,219.78,220,0,0.00,0.00,0,0
1542911899,1002-eth3,0.00,0.00,0.00,0,0,0.00,0.00,0.00,0,0,0.00,0.00,0,0
1542911899,3004-eth2,12857.14,1226413.62,1239270.75,1227640,12870,194.81,719.28,914.09,720,195,0.00,0.00,0,0
1542911899,2003-eth3,1201644.38,1175458.62,2377103.00,1176634,1202846,766.23,408.59,1174.83,409,767,0.00,0.00,0,0
1542911899,2004-eth2,12791.21,620215.81,633007.00,620836,12804,193.81,213.79,407.59,214,194,0.00,0.00,0,0
1542911899,1003-eth3,0.00,116915.09,116915.09,117032,0,0.00,39.96,39.96,40,0,0.00,0.00,0,0
1542911899,3005-eth2,159264.73,13926.07,173190.81,13940,159424,67.93,175.82,243.76,176,68,0.00,0.00,0,0
1542911899,2004-eth3,0.00,26175.82,26175.82,26202,0,0.00,396.60,396.60,397,0,0.00,0.00,0,0
1542911899,1003-eth4,871866.19,633564.44,1505430.62,634198,872738,300.70,218.78,519.48,219,301,0.00,0.00,0,0
1542911899,1004-eth3,13926.07,42349.65,56275.73,42392,13940,175.82,27.97,203.80,28,176,0.00,0.00,0,0
1542911899,total,32716386.00,33205538.00,65921924.00,33238742,32749102,22050.95,22352.65,44403.60,22375,22073,0.00,0.00,0,0
1542911900,3005-eth3,15870.13,397442.56,413312.69,397840,15886,168.83,191.81,360.64,192,169,0.00,0.00,0,0
1542911900,3006-eth2,0.00,0.00,0.00,0,0,0.00,0.00,0.00,0,0,0.00,0.00,0,0
1542911900,2005-eth3,15870.13,0.00,15870.13,0,15886,168.83,0.00,168.83,0,169,0.00,0.00,0,0
1542911900,1004-eth4,12593.41,614733.31,627326.69,615348,12606,190.81,437.56,628.37,438,191,0.00,0.00,0,0
1542911900,3006-eth3,1224551.50,625810.19,1850361.75,626436,1225776,603.40,605.39,1208.79,606,604,0.00,0.00,0,0
1542911900,2005-eth4,12263.74,599502.50,611766.25,600102,12276,185.81,206.79,392.61,207,186,0.00,0.00,0,0
1542911900,2006-eth3,11952.05,783192.81,795144.88,783976,11964,177.82,447.55,625.37,448,178,0.00,0.00,0,0
1542911900,3001-eth2,11952.05,1237376.62,1249328.75,1238614,11964,177.82,622.38,800.20,623,178,0.00,0.00,0,0
1542911900,3007-eth3,11472.53,704581.44,716053.94,705286,11484,173.83,242.76,416.58,243,174,0.00,0.00,0,0
1542911900,2006-eth4,0.00,0.00,0.00,0,0,0.00,0.00,0.00,0,0,0.00,0.00,0,0
1542911900,lo,0.00,0.00,0.00,0,0,0.00,0.00,0.00,0,0,0.00,0.00,0,0
1542911900,3001-eth3,1228219.88,444827.19,1673047.00,445272,1229448,689.31,687.31,1376.62,688,690,0.00,0.00,0,0
1542911900,3002-eth2,1226040.00,15230.77,1241270.75,15246,1227266,472.53,230.77,703.30,231,473,0.00,0.00,0,0
1542911900,3007-eth4,12593.41,599502.50,612095.94,600102,12606,190.81,206.79,397.60,207,191,0.00,0.00,0,0
1542911900,3008-eth3,537200.81,634647.38,1171848.12,635282,537738,380.62,388.61,769.23,389,381,0.00,0.00,0,0
1542911900,2001-eth3,744561.44,47550.45,792111.94,47598,745306,256.74,598.40,855.14,599,257,0.00,0.00,0,0
1542911900,2007-eth4,26901.10,660195.81,687096.94,660856,26928,407.59,227.77,635.36,228,408,0.00,0.00,0,0
1542911900,3002-eth3,15230.77,723848.19,739078.94,724572,15246,230.77,249.75,480.52,250,231,0.00,0.00,0,0
1542911900,3008-eth4,712377.62,675426.56,1387804.25,676102,713090,448.55,458.54,907.09,459,449,0.00,0.00,0,0
1542911900,2001-eth4,489416.59,10879.12,500295.72,10890,489906,286.71,164.84,451.55,165,287,0.00,0.00,0,0
1542911900,2002-eth3,1237376.62,11952.05,1249328.75,11964,1238614,622.38,177.82,800.20,178,623,0.00,0.00,0,0
1542911900,1001-eth4,26901.10,0.00,26901.10,0,26928,407.59,0.00,407.59,0,408,0.00,0.00,0,0
1542911900,2008-eth4,1222677.38,649878.12,1872555.50,650528,1223900,421.58,619.38,1040.96,620,422,0.00,0.00,0,0
1542911900,2007-eth1,0.00,26901.10,26901.10,26928,0,0.00,407.59,407.59,408,0,0.00,0.00,0,0
1542911900,3003-eth3,10879.12,1222677.38,1233556.50,1223900,10890,164.84,421.58,586.41,422,165,0.00,0.00,0,0
1542911900,2002-eth4,15230.77,1228999.00,1244229.75,1230228,15246,230.77,473.53,704.30,474,231,0.00,0.00,0,0
1542911900,1002-eth4,0.00,659536.94,659536.94,660856,0,0.00,227.54,227.54,228,0,0.00,0.00,0,0
1542911900,3003-eth4,1151814.38,1029247.56,2181062.00,1031306,1154118,701.60,727.54,1429.14,729,703,0.00,0.00,0,0
1542911900,2008-eth1,622552.94,862127.75,1484680.62,863852,623798,214.57,297.41,511.98,298,215,0.00,0.00,0,0
1542911900,1001-eth1,1224539.00,47207.59,1271746.50,47302,1226988,425.15,643.71,1068.86,645,426,0.00,0.00,0,0
1542911900,3004-eth3,1224600.88,1157413.25,2382014.00,1159728,1227050,731.54,786.43,1517.96,788,733,0.00,0.00,0,0
1542911900,2003-eth4,1224413.25,1171443.12,2395856.25,1173786,1226862,422.16,999.00,1421.16,1001,423,0.00,0.00,0,0
1542911900,1002-eth1,0.00,0.00,0.00,0,0,0.00,0.00,0.00,0,0,0.00,0.00,0,0
1542911900,3004-eth4,1222968.12,26610.78,1249578.88,26664,1225414,422.16,403.19,825.35,404,423,0.00,0.00,0,0
1542911900,2004-eth4,1225728.62,12580.84,1238309.38,12606,1228180,792.42,190.62,983.03,191,794,0.00,0.00,0,0
1542911900,2003-eth1,1225109.88,630257.50,1855367.38,631518,1227560,1002.00,681.64,1683.63,683,1004,0.00,0.00,0,0
1542911900,1003-eth1,382002.00,862127.75,1244129.75,863852,382766,182.63,297.41,480.04,298,183,0.00,0.00,0,0
1542911900,3005-eth4,12005.99,454475.06,466481.06,455384,12030,178.64,295.41,474.05,296,179,0.00,0.00,0,0
1542911900,2004-eth1,0.00,622552.94,622552.94,623798,0,0.00,214.57,214.57,215,0,0.00,0.00,0,0
1542911900,1003-eth2,622552.94,0.00,622552.94,0,623798,214.57,0.00,214.57,0,215,0.00,0.00,0,0
1542911900,1004-eth1,417201.59,12005.99,429207.59,12030,418036,497.01,178.64,675.65,179,498,0.00,0.00,0,0
1542911900,3006-eth4,26347.31,1221457.12,1247804.38,1223900,26400,399.20,421.16,820.36,422,400,0.00,0.00,0,0
1542911900,enp5s0f0,0.00,0.00,0.00,0,0,0.00,0.00,0.00,0,0,0.00,0.00,0,0
1542911900,3005-eth1,0.00,15854.29,15854.29,15886,0,0.00,168.66,168.66,169,0,0.00,0.00,0,0
1542911900,2005-eth1,598904.19,28039.92,626944.12,28096,600102,206.59,353.29,559.88,354,207,0.00,0.00,0,0
1542911900,1004-eth2,598904.19,12646.71,611550.94,12672,600102,206.59,191.62,398.20,192,207,0.00,0.00,0,0
1542911900,3006-eth1,598904.19,12185.63,611089.81,12210,600102,206.59,184.63,391.22,185,207,0.00,0.00,0,0
1542911900,2005-eth2,0.00,0.00,0.00,0,0,0.00,0.00,0.00,0,0,0.00,0.00,0,0
1542911900,3001-eth4,1224812.38,42309.38,1267121.75,42394,1227262,450.10,450.10,900.20,451,451,0.00,0.00,0,0
1542911900,2006-eth1,382002.00,0.00,382002.00,0,382766,182.63,0.00,182.63,0,183,0.00,0.00,0,0
1542911900,3007-eth1,0.00,0.00,0.00,0,0,0.00,0.00,0.00,0,0,0.00,0.00,0,0
1542911900,2006-eth2,401920.16,12005.99,413926.16,12030,402724,265.47,178.64,444.11,179,266,0.00,0.00,0,0
1542911900,3002-eth4,488928.16,254852.30,743780.44,255362,489906,286.43,292.42,578.84,293,287,0.00,0.00,0,0
1542911900,3001-eth1,47503.00,746774.50,794277.44,748268,47598,597.80,257.49,855.29,258,599,0.00,0.00,0,0
1542911900,3007-eth2,1224413.25,24041.92,1248455.12,24090,1226862,422.16,364.27,786.43,365,423,0.00,0.00,0,0
1542911900,2001-eth1,47207.59,1224539.00,1271746.50,1226988,47302,643.71,425.15,1068.86,426,645,0.00,0.00,0,0
1542911900,3008-eth1,656580.88,26808.38,683389.25,26862,657894,226.55,406.19,632.73,407,227,0.00,0.00,0,0
1542911900,2007-eth2,656580.88,0.00,656580.88,0,657894,226.55,0.00,226.55,0,227,0.00,0.00,0,0
1542911900,3002-eth1,10868.26,488928.16,499796.41,489906,10890,164.67,286.43,451.10,287,165,0.00,0.00,0,0
1542911900,2001-eth2,0.00,0.00,0.00,0,0,0.00,0.00,0.00,0,0,0.00,0.00,0,0
1542911900,3008-eth2,649229.56,1224413.25,1873642.75,1226862,650528,618.76,422.16,1040.92,423,620,0.00,0.00,0,0
1542911900,2002-eth1,862127.75,382002.00,1244129.75,382766,863852,297.41,182.63,480.04,183,298,0.00,0.00,0,0
1542911900,2007-eth3,0.00,0.00,0.00,0,0,0.00,0.00,0.00,0,0,0.00,0.00,0,0
1542911900,2008-eth2,614185.62,12580.84,626766.50,12606,615414,438.12,190.62,628.74,191,439,0.00,0.00,0,0
1542911900,1001-eth2,630257.50,1222022.00,1852279.50,1224466,631518,681.64,999.00,1680.64,1001,683,0.00,0.00,0,0
1542911900,3003-eth1,1224413.25,1162616.75,2387030.00,1164942,1226862,422.16,865.27,1287.43,867,423,0.00,0.00,0,0
1542911900,2002-eth2,12005.99,417201.59,429207.59,418036,12030,178.64,497.01,675.65,498,179,0.00,0.00,0,0
1542911900,2008-eth3,23976.05,1224413.25,1248389.25,1226862,24024,363.27,422.16,785.43,423,364,0.00,0.00,0,0
1542911900,1001-eth3,28039.92,598904.19,626944.12,600102,28096,353.29,206.59,559.88,207,354,0.00,0.00,0,0
1542911900,1002-eth2,656580.88,0.00,656580.88,0,657894,226.55,0.00,226.55,0,227,0.00,0.00,0,0
1542911900,3003-eth2,25161.68,0.00,25161.68,0,25212,381.24,0.00,381.24,0,382,0.00,0.00,0,0
1542911900,3004-eth1,1171443.12,1221457.12,2392900.25,1223900,1173786,999.00,421.16,1420.16,422,1001,0.00,0.00,0,0
1542911900,2003-eth2,0.00,656580.88,656580.88,657894,0,0.00,226.55,226.55,227,0,0.00,0.00,0,0
1542911900,1002-eth3,0.00,0.00,0.00,0,0,0.00,0.00,0.00,0,0,0.00,0.00,0,0
1542911900,3004-eth2,12580.84,1222706.62,1235287.50,1225152,12606,190.62,790.42,981.04,792,191,0.00,0.00,0,0
1542911900,2003-eth3,1162682.62,1221457.12,2384139.75,1223900,1165008,866.27,421.16,1287.43,422,868,0.00,0.00,0,0
1542911900,2004-eth2,12580.84,598904.19,611485.06,600102,12606,190.62,206.59,397.21,207,191,0.00,0.00,0,0
1542911900,1003-eth3,0.00,382002.00,382002.00,382766,0,0.00,182.63,182.63,183,0,0.00,0.00,0,0
1542911900,3005-eth2,783922.19,12005.99,795928.19,12030,785490,448.10,178.64,626.75,179,449,0.00,0.00,0,0
1542911900,2004-eth3,0.00,25161.68,25161.68,25212,0,0.00,381.24,381.24,382,0,0.00,0.00,0,0
1542911900,1003-eth4,862127.75,622552.94,1484680.62,623798,863852,297.41,214.57,511.98,215,298,0.00,0.00,0,0
1542911900,1004-eth3,12005.99,401920.16,413926.16,402724,12030,178.64,265.47,444.11,266,179,0.00,0.00,0,0
1542911900,total,35076016.00,36170196.00,71246216.00,36242536,35146166,24452.10,25055.89,49507.99,25106,24501,0.00,0.00,0,0
