20
5
3002 2002 1004 2008 3008 
5
3002 2002 1003 2008 3008 
3
3002 2001 3001 
3
3002 2002 3001 
5
3003 2003 1001 2001 3002 
5
3003 2004 1003 2002 3001 
5
3003 2003 1001 2001 3001 
3
3004 2004 3003 
3
3004 2003 3003 
5
3005 2006 1004 2002 3001 
5
3005 2006 1003 2002 3001 
5
3005 2006 1004 2002 3001 
5
3005 2006 1004 2002 3001 
3
3007 2008 3008 
3
3007 2008 3008 
5
3007 2008 1004 2004 3004 
5
3008 2008 1004 2004 3004 
5
3008 2008 1003 2004 3004 
5
3008 2008 1003 2004 3004 
5
3008 2007 1002 2003 3004 
