44
3
0 8 1 
5
0 9 19 11 2 
3
0 9 1 
5
0 8 16 10 3 
5
1 9 18 11 3 
5
1 8 17 10 2 
5
1 8 16 12 4 
5
1 8 17 14 6 
5
2 10 17 12 5 
5
2 11 18 15 6 
5
2 10 17 8 0 
5
2 11 18 9 1 
5
2 10 17 12 5 
5
2 10 17 14 7 
5
3 10 17 8 0 
3
3 11 2 
5
3 10 17 12 4 
5
3 11 19 15 7 
5
3 11 18 9 0 
5
3 11 18 9 1 
3
3 10 2 
5
4 13 19 9 0 
5
4 13 19 15 7 
5
4 13 19 9 1 
5
4 13 18 15 7 
5
5 12 16 8 1 
5
5 13 18 11 3 
5
5 12 17 10 3 
3
5 13 4 
5
5 12 17 8 1 
5
5 12 17 8 1 
5
5 13 18 11 2 
5
5 13 19 11 3 
5
6 15 18 9 0 
5
6 14 16 8 1 
5
6 14 17 12 5 
5
6 15 18 9 0 
5
6 15 19 11 3 
5
6 14 17 12 4 
5
7 14 17 10 3 
3
7 15 6 
5
7 14 16 8 0 
5
7 15 19 9 1 
5
7 15 18 11 3 
9 13 5 
5
6 15 18 13 5 
5
6 14 16 8 0 
5
6 15 19 9 0 
5
6 15 19 9 1 
5
6 14 17 10 3 
5
6 14 16 10 3 
5
6 15 19 13 4 
5
6 14 16 12 4 
5
7 15 19 11 3 
5
7 15 18 11 3 
3
7 14 6 
3
7 15 6 
5
7 15 19 9 0 
5
7 14 17 8 0 
5
7 15 19 9 1 
5
7 14 17 8 1 
5
7 14 17 10 3 
5
7 15 18 11 3 
4 6 
3
7 14 6 
 14 16 12 5 
5
6 14 17 12 5 
5
7 14 17 8 1 
5
7 15 18 9 1 
5
7 15 18 11 3 
5
7 15 18 11 3 
5
7 14 17 10 2 
5
7 14 16 10 2 
5
7 14 17 12 5 
5
7 14 17 12 5 
3
7 14 6 
