0.000198125839233
0.000324010848999
0.000406980514526
0.00058388710022
0.000595092773438
0.000696897506714
0.000894069671631
0.00132393836975
0.00249481201172
0.00134921073914
0.00283408164978
0.00346302986145
0.00542092323303
0.00136995315552
0.0018789768219
0.00169205665588
0.00270318984985
0.0013689994812
0.00137305259705
0.00171303749084
0.00142002105713
0.00254607200623
0.00138092041016
0.00138306617737
0.00137686729431
0.00139880180359
0.00142312049866
0.00143694877625
0.00138592720032
0.00142502784729
0.00136804580688
0.00160908699036
0.00195097923279
0.00156903266907
0.00221586227417
0.00145101547241
0.000195026397705
0.000249862670898
0.000237941741943
0.000335931777954
0.000488996505737
0.000590801239014
0.00060510635376
0.000684022903442
0.000787019729614
0.000808954238892
0.000882148742676
0.000840187072754
0.000986814498901
0.0012149810791
0.00112009048462
0.00111293792725
0.00107598304749
0.0010941028595
0.0010769367218
0.00107288360596
0.00107908248901
0.00108218193054
0.00110602378845
0.00111293792725
0.00109195709229
0.00109195709229
0.00200295448303
0.00121879577637
0.00110101699829
0.00111794471741
0.00107002258301
0.00107789039612
0.00112199783325
0.00111317634583
0.0011031627655
0.00110101699829
0.000191926956177
0.000424861907959
0.000506162643433
0.00062894821167
0.000723123550415
0.000746011734009
0.000755071640015
0.00090503692627
0.00095009803772
0.000983953475952
0.00100803375244
0.00126385688782
0.00147891044617
0.00165581703186
0.00165891647339
0.00166988372803
0.00166702270508
0.00155997276306
0.00161695480347
0.00169396400452
0.00160098075867
0.00154495239258
0.00154280662537
0.00151014328003
0.00153708457947
0.00152277946472
0.00157904624939
0.00154280662537
0.00153613090515
0.00155401229858
0.00156092643738
0.00155305862427
0.00151920318604
0.00152993202209
0.00163602828979
0.00156903266907
0.000178098678589
0.00028395652771
0.000378847122192
0.000421047210693
0.000500917434692
0.000574111938477
0.000708103179932
0.000794887542725
0.00098991394043
0.00107598304749
0.00120401382446
0.00130200386047
0.00125312805176
0.00125503540039
0.00126600265503
0.00361585617065
0.00462198257446
0.00532293319702
0.00336599349976
0.00334882736206
0.00358080863953
0.00140118598938
0.00351691246033
0.00147604942322
0.00341796875
0.00137591362
0.00340509414673
0.00334715843201
0.00151109695435
0.00356888771057
0.00522398948669
0.00398302078247
0.00133395195007
0.00332593917847
0.00133395195007
0.00335097312927
0.00019097328186
0.000266790390015
0.000379085540771
0.000458955764771
0.000591993331909
0.000613927841187
0.000720977783203
0.000797033309937
0.00402402877808
0.00415301322937
0.00134181976318
0.00436401367188
0.00139713287354
0.00146889686584
0.00158381462097
0.00152993202209
0.00155401229858
0.00151205062866
0.00150680541992
0.00155115127563
0.00149893760681
0.00152516365051
0.0018789768219
0.00153088569641
0.00150084495544
0.00163078308105
0.00153708457947
0.00151705741882
0.00150108337402
0.00154685974121
0.00153517723083
0.0015230178833
0.00151491165161
0.00152897834778
0.00153493881226
0.00150799751282
0.00203013420105
0.000322103500366
0.000450849533081
0.00301694869995
0.00055718421936
0.000670909881592
0.000657081604004
0.000761985778809
0.000771999359131
0.00703001022339
0.00401091575623
0.0040020942688
0.00245594978333
0.0014328956604
0.00148797035217
0.0015230178833
0.00152587890625
0.00154209136963
0.00300192832947
0.00150609016418
0.00146794319153
0.00150108337402
0.00154614448547
0.00148105621338
0.00147199630737
0.00148296356201
0.00147604942322
0.00149202346802
0.0014591217041
0.00150418281555
0.00146007537842
0.0014820098877
0.00147080421448
0.00145983695984
0.00144386291504
0.00146794319153
0.000211000442505
0.000313997268677
0.000297069549561
0.0025839805603
0.00194787979126
0.00221610069275
0.00107479095459
0.00072193145752
0.00117206573486
0.00219202041626
0.00132989883423
0.00241208076477
0.00130105018616
0.00186705589294
0.0014431476593
0.00201201438904
0.0014021396637
0.00142407417297
0.00136613845825
0.00135707855225
0.00144600868225
0.00135684013367
0.00142478942871
0.00172805786133
0.00149297714233
0.00138592720032
0.0013599395752
0.00139188766479
0.00136613845825
0.00139212608337
0.00136089324951
0.00142002105713
0.00140309333801
0.00137805938721
0.00139498710632
0.00137805938721
0.000180006027222
0.000351905822754
0.000454902648926
0.000453948974609
0.000478982925415
0.00046706199646
0.000613927841187
0.000646829605103
0.00323605537415
0.00115990638733
0.00527000427246
0.00134587287903
0.0028600692749
0.00118589401245
0.00133991241455
0.00143098831177
0.00138998031616
0.00145387649536
0.00141906738281
0.00140190124512
0.00141978263855
0.00146102905273
0.0014021396637
0.00143504142761
0.00141501426697
0.00140309333801
0.00150799751282
0.00141096115112
0.00141096115112
0.00142288208008
0.00140690803528
0.00150203704834
0.00143003463745
0.00139784812927
0.0014009475708
0.00149297714233
