0.00297212600708
0.000246047973633
0.00317001342773
0.00038480758667
0.00334191322327
0.000502109527588
0.00340104103088
0.000762939453125
0.00373601913452
0.000998973846436
0.00245690345764
0.000981092453003
0.00110197067261
0.00117707252502
0.00135493278503
0.00304198265076
0.00145602226257
0.00159692764282
0.00150799751282
0.00318598747253
0.00184106826782
0.00195908546448
0.0019359588623
0.00205612182617
0.00202894210815
0.00212216377258
0.00212693214417
0.00226712226868
0.00231504440308
0.00236701965332
0.00240898132324
0.00271582603455
0.00263595581055
0.00298500061035
0.00284886360168
0.00293588638306
0.00306797027588
0.00332880020142
0.00306510925293
0.00313282012939
0.00322580337524
0.00341796875
0.00321197509766
0.00436115264893
0.00387406349182
0.00368285179138
0.00363898277283
0.00427103042603
0.00385618209839
0.00458097457886
0.00405406951904
0.00444197654724
0.00415015220642
0.00432705879211
0.00444006919861
0.00442790985107
0.00475692749023
0.0047070980072
0.00470209121704
0.00456690788269
0.00651001930237
0.0050220489502
0.00474286079407
0.00496792793274
0.00483107566833
0.00492382049561
0.00507116317749
0.00499200820923
0.00534081459045
0.00515294075012
0.00509214401245
0.00494194030762
0.00692009925842
0.00599479675293
0.0050311088562
0.0222501754761
0.00660586357117
0.00519990921021
0.00503301620483
0.00522899627686
0.00569200515747
0.00481295585632
0.00497698783875
0.00653696060181
0.010950088501
0.011754989624
0.00520801544189
0.000180006027222
0.000333786010742
0.000402212142944
0.00487589836121
0.00196099281311
0.00764608383179
0.00111293792725
0.00376796722412
0.00260210037231
0.00270104408264
0.00172281265259
0.00113892555237
0.00116205215454
0.00133395195007
0.00205397605896
0.00166201591492
0.00178599357605
0.00192213058472
0.00190687179565
0.00194978713989
0.0019850730896
0.00205588340759
0.00216317176819
0.00224685668945
0.00250005722046
0.002436876297
0.00261902809143
0.00272989273071
0.00250601768494
0.00429892539978
0.00332093238831
0.00311398506165
0.00311017036438
0.0031590461731
0.00330090522766
0.00322484970093
0.00328087806702
0.00353813171387
0.00320601463318
0.00347495079041
0.00305700302124
0.00318121910095
0.00366497039795
0.00357007980347
0.00388097763062
0.00365900993347
0.00402116775513
0.00437998771667
0.00381302833557
0.00689315795898
0.00408792495728
0.0042622089386
0.00415086746216
0.00523591041565
0.00419306755066
0.00424098968506
0.00425291061401
0.00497007369995
0.00469303131104
0.00467491149902
0.00473785400391
0.00521397590637
0.00506782531738
0.00649309158325
0.00482106208801
0.00502300262451
0.00507116317749
0.0053551197052
0.00500082969666
0.00501680374146
0.0142970085144
0.00663208961487
0.00484299659729
0.00570487976074
0.00492310523987
0.00569796562195
0.00656890869141
0.00537204742432
0.00519895553589
0.00570702552795
0.00601601600647
0.00478887557983
0.00600290298462
0.00483894348145
0.0145440101624
0.00500702857971
0.00595903396606
0.00452399253845
0.0110051631927
0.000188112258911
0.00028395652771
0.000313997268677
0.000458955764771
0.00385904312134
0.000753879547119
0.00415301322937
0.00327897071838
0.00274109840393
0.0010199546814
0.00167417526245
0.00110602378845
0.00110697746277
0.00124502182007
0.00143480300903
0.00213885307312
0.00178194046021
0.00203919410706
0.00264286994934
0.00318789482117
0.00242018699646
0.00218105316162
0.00223684310913
0.00217890739441
0.00223994255066
0.00237011909485
0.00243711471558
0.00238108634949
0.00245809555054
0.00260305404663
0.00252890586853
0.00290393829346
0.00271391868591
0.00275707244873
0.00272703170776
0.00291109085083
0.00298595428467
0.0032811164856
0.00516295433044
0.00380396842957
0.00340890884399
0.00351691246033
0.00346493721008
0.00330901145935
0.00354790687561
0.00415110588074
0.0040111541748
0.00646996498108
0.00369000434875
0.00368905067444
0.00424909591675
0.0052797794342
0.00414395332336
0.00416803359985
0.00422096252441
0.00428199768066
0.00447702407837
0.00442409515381
0.00464200973511
0.00448203086853
0.00474786758423
0.00505399703979
0.00496220588684
0.00517797470093
0.00657296180725
0.00581312179565
0.00511598587036
0.00595903396606
0.00736594200134
0.00522994995117
0.00531387329102
0.00517296791077
0.00510215759277
0.00521898269653
0.00620889663696
0.00541400909424
0.0132629871368
0.00490403175354
0.00603199005127
0.00549387931824
0.00585699081421
0.00503301620483
0.00516605377197
0.0055570602417
0.00629901885986
0.00643682479858
0.00610303878784
0.000178813934326
0.000232934951782
0.0012891292572
0.00321888923645
0.00055193901062
0.000461101531982
0.000629901885986
0.000578165054321
0.000778913497925
0.000922918319702
0.000851154327393
0.00146198272705
0.0010838508606
0.00156402587891
0.00142598152161
0.00151491165161
0.00208497047424
0.00152993202209
0.00218892097473
0.00198602676392
0.00191712379456
0.00235891342163
0.00205206871033
0.00197005271912
0.00212001800537
0.00210905075073
0.00516200065613
0.00231599807739
0.00226593017578
0.00277996063232
0.00249195098877
0.00257086753845
0.00258708000183
0.00266718864441
0.00252795219421
0.00293898582458
0.00276803970337
0.00274682044983
0.00290203094482
0.00284719467163
0.00292897224426
0.00309491157532
0.00311803817749
0.00424098968506
0.00371599197388
0.00381112098694
0.00428700447083
0.0041880607605
0.00397300720215
0.00429177284241
0.00413918495178
0.0041971206665
0.00441598892212
0.00561594963074
0.00648307800293
0.00434303283691
0.00440812110901
0.00599098205566
0.00516700744629
0.00966000556946
0.00467300415039
0.00684189796448
0.00621795654297
0.00630283355713
0.00527811050415
0.00537800788879
0.00538396835327
0.00722503662109
0.006676197052
0.00550103187561
0.00572800636292
0.00614595413208
0.00758790969849
0.00611400604248
0.00548219680786
0.00590705871582
0.00531792640686
0.00717520713806
0.00553297996521
0.00567984580994
0.00793290138245
0.021791934967
0.00692105293274
0.0145609378815
0.0055980682373
0.00722789764404
0.00531911849976
0.00730800628662
0.00028395652771
0.000424146652222
0.000380992889404
0.000401020050049
0.000463008880615
0.000525951385498
0.000715970993042
0.001140832901
0.00151491165161
0.00126910209656
0.00146818161011
0.00190806388855
0.00150084495544
0.00159788131714
0.00233292579651
0.0020489692688
0.00193095207214
0.00193905830383
0.00218987464905
0.0022931098938
0.00242900848389
0.00312495231628
0.00256609916687
0.00243401527405
0.00277185440063
0.0029239654541
0.0028829574585
0.00302004814148
0.00305795669556
0.0031681060791
0.00312185287476
0.00316691398621
0.00325703620911
0.00321197509766
0.00353598594666
0.00339102745056
0.00370097160339
0.00385999679565
0.00423216819763
0.00450205802917
0.0041241645813
0.00385499000549
0.00401711463928
0.00394105911255
0.0046238899231
0.00504016876221
0.00454497337341
0.00449895858765
0.00500798225403
0.00487995147705
0.00505208969116
0.00461912155151
0.00462698936462
0.00487399101257
0.00529313087463
0.00449299812317
0.00496411323547
0.00466299057007
0.00565600395203
0.0047550201416
0.00464177131653
0.00810813903809
0.00797891616821
0.00601196289062
0.00540113449097
0.0101208686829
0.0128998756409
0.00567293167114
0.00588583946228
0.00551795959473
0.00685811042786
0.00570178031921
0.00557518005371
0.00540685653687
0.0106549263
0.01313996315
0.00751686096191
0.00782799720764
0.00546503067017
0.00538110733032
0.00620698928833
0.00768709182739
0.00541090965271
0.00749802589417
0.00559401512146
0.00569820404053
0.00021505355835
0.000348091125488
0.00202512741089
0.000581026077271
0.000601053237915
0.000653982162476
0.000784158706665
0.000832796096802
0.000993967056274
0.00113296508789
0.00122809410095
0.00129318237305
0.0013210773468
0.0031578540802
0.00158905982971
0.00167894363403
0.00177907943726
0.00183010101318
0.00199007987976
0.00194787979126
0.00198292732239
0.00210499763489
0.0022029876709
0.00224208831787
0.00231885910034
0.00237607955933
0.00240015983582
0.00263118743896
0.00256705284119
0.0027129650116
0.00319981575012
0.00279998779297
0.00453782081604
0.00283098220825
0.00285696983337
0.00454688072205
0.00379586219788
0.00361609458923
0.00353908538818
0.00360488891602
0.00351595878601
0.00323104858398
0.00329899787903
0.00358891487122
0.0068781375885
0.00407099723816
0.00396394729614
0.0046169757843
0.00394892692566
0.00426411628723
0.00479888916016
0.00455713272095
0.00458812713623
0.00456118583679
0.00445795059204
0.00467586517334
0.00958609580994
0.00498604774475
0.00527405738831
0.00627899169922
0.00897097587585
0.0054178237915
0.00526690483093
0.00537586212158
0.00509905815125
0.00532698631287
0.00524711608887
0.00530290603638
0.00564694404602
0.00578379631042
0.00590896606445
0.00563788414001
0.0129539966583
0.00536394119263
0.00573396682739
0.00727605819702
0.00629591941833
0.00539112091064
0.00525307655334
0.00546002388
0.00516486167908
0.00666093826294
0.0103149414062
0.00663185119629
0.00622081756592
0.0051748752594
0.00532102584839
0.00614094734192
0.00570797920227
0.000186920166016
0.000221014022827
0.000657081604004
0.000507831573486
0.000869989395142
0.00109195709229
0.00125098228455
0.00376677513123
0.00402498245239
0.00262713432312
0.00112390518188
0.0014328956604
0.00276494026184
0.0015549659729
0.0014979839325
0.00203800201416
0.00353789329529
0.00171995162964
0.00223684310913
0.00263810157776
0.0020489692688
0.00230312347412
0.00226378440857
0.00233006477356
0.00485396385193
0.00244212150574
0.00246715545654
0.00275301933289
0.0028281211853
0.00280690193176
0.00275683403015
0.00265407562256
0.00284194946289
0.00287914276123
0.00284385681152
0.00313901901245
0.00307393074036
0.00310802459717
0.00317788124084
0.00342488288879
0.00352311134338
0.00331401824951
0.0034511089325
0.00390315055847
0.00420808792114
0.00486612319946
0.00398302078247
0.00367283821106
0.00414204597473
0.00482988357544
0.00392699241638
0.00466418266296
0.00467085838318
0.00476503372192
0.00489521026611
0.00491309165955
0.00520491600037
0.00537514686584
0.00504493713379
0.00488209724426
0.00562000274658
0.00553703308105
0.00537085533142
0.00565791130066
0.00504899024963
0.00501394271851
0.00792193412781
0.0106430053711
0.00585198402405
0.0145680904388
0.00538301467896
0.00496602058411
0.00579404830933
0.00500893592834
0.00717306137085
0.00514006614685
0.00577592849731
0.00566697120667
0.0047619342804
0.00481486320496
0.00840902328491
0.00526309013367
0.00485706329346
0.0071120262146
0.00539207458496
0.0049159526825
0.00526809692383
0.00470805168152
0.00494599342346
0.000205993652344
0.000308036804199
0.000371932983398
0.00228905677795
0.00210094451904
0.0040819644928
0.00241494178772
0.00305604934692
0.000991821289062
0.00466704368591
0.00112986564636
0.00123310089111
0.00128293037415
0.00136208534241
0.00143218040466
0.00167179107666
0.0017511844635
0.00165390968323
0.00192093849182
0.00187993049622
0.00204300880432
0.00210905075073
0.00234389305115
0.00216698646545
0.00251197814941
0.00235486030579
0.00254511833191
0.00265097618103
0.002690076828
0.00297689437866
0.00341415405273
0.0030210018158
0.00420618057251
0.00313711166382
0.00317597389221
0.00342106819153
0.00311613082886
0.00342679023743
0.00347590446472
0.00381708145142
0.00377893447876
0.00442719459534
0.00397086143494
0.00400710105896
0.00462412834167
0.00444197654724
0.00443196296692
0.00455284118652
0.00442600250244
0.00431299209595
0.0048999786377
0.00542092323303
0.00496578216553
0.00750589370728
0.00457811355591
0.00492906570435
0.00534200668335
0.00510716438293
0.00515294075012
0.00557708740234
0.00520300865173
0.0071280002594
0.00504398345947
0.00532293319702
0.0057110786438
0.0072009563446
0.00553297996521
0.00562405586243
0.00578594207764
0.00708293914795
0.00642204284668
0.0102758407593
0.00557708740234
0.0060977935791
0.00602984428406
0.00626802444458
0.00579714775085
0.00555491447449
0.00615501403809
0.00634002685547
0.0114228725433
0.00665903091431
0.00551819801331
0.00559997558594
0.00553107261658
0.00561714172363
0.0063009262085
0.00657892227173
