0.000188112258911
0.00026798248291
0.000383853912354
0.000493049621582
0.000477075576782
0.000618934631348
0.000638961791992
0.000720977783203
0.00283312797546
0.00323295593262
0.00155305862427
0.00123715400696
0.00124979019165
0.00134205818176
0.00151705741882
0.00135517120361
0.00138020515442
0.00185203552246
0.00150990486145
0.00134801864624
0.00134611129761
0.00143218040466
0.00144720077515
0.00136089324951
0.00137686729431
0.00136613845825
0.001384973526
0.00135898590088
0.00138401985168
0.0013530254364
0.00136995315552
0.0013370513916
0.00132894515991
0.00134992599487
0.00145387649536
0.00252389907837
0.000205993652344
0.000128984451294
0.000213146209717
0.000343084335327
0.000411033630371
0.000393152236938
0.000507116317749
0.000517845153809
0.00356078147888
0.000715970993042
0.0048451423645
0.000858068466187
0.00481820106506
0.000854015350342
0.00671315193176
0.0011739730835
0.0056049823761
0.00133109092712
0.00490307807922
0.0010130405426
0.00546813011169
0.000792026519775
0.00499200820923
0.000757932662964
0.00473093986511
0.000781059265137
0.00487089157104
0.00131392478943
0.00483894348145
0.000756025314331
0.00464105606079
0.000874042510986
0.00473809242249
0.000756025314331
0.00510287284851
0.000837087631226
0.000182151794434
0.000228881835938
0.000328063964844
0.000433921813965
0.000599145889282
0.000872135162354
0.000853061676025
0.000939130783081
0.00134682655334
0.00246691703796
0.00140905380249
0.0056471824646
0.0017831325531
0.00222206115723
0.00151181221008
0.00164580345154
0.00148606300354
0.00165605545044
0.00202894210815
0.00152087211609
0.00149393081665
0.00150394439697
0.00164699554443
0.00187587738037
0.0014820098877
0.00146389007568
0.00147581100464
0.00176692008972
0.00196599960327
0.00151181221008
0.00147891044617
0.00155115127563
0.00156712532043
0.00147294998169
0.000196933746338
0.00020694732666
0.000332117080688
0.0033860206604
0.000571966171265
0.00522303581238
0.00119209289551
0.00541687011719
0.00100708007812
0.0057270526886
0.00123190879822
0.0053129196167
0.00127196311951
0.00300407409668
0.00125193595886
0.00134921073914
0.00133204460144
0.00177693367004
0.00128698348999
0.00129199028015
0.00138783454895
0.00130486488342
0.00135183334351
0.00137901306152
0.00133514404297
0.00127005577087
0.00140810012817
0.00131106376648
0.00142097473145
0.0013210773468
0.00127410888672
0.00128698348999
0.00129008293152
0.00127601623535
0.00128507614136
0.00135207176208
0.000334024429321
0.000298976898193
0.002445936203
0.000525951385498
0.00376391410828
0.00360894203186
0.00278806686401
0.000806093215942
0.00157594680786
0.0025520324707
0.00303792953491
0.0012629032135
0.0013599395752
0.00158286094666
0.00149393081665
0.00154614448547
0.00148701667786
0.00148820877075
0.00146198272705
0.00150799751282
0.00156092643738
0.00149607658386
0.00147294998169
0.00147294998169
0.00149989128113
0.00151610374451
0.00150585174561
0.00157499313354
0.00146293640137
0.00158405303955
0.00155806541443
0.00161004066467
0.0014750957489
0.00155711174011
0.00145483016968
0.00149011611938
0.00023889541626
0.00238394737244
0.000509977340698
0.000401973724365
0.000591993331909
0.000522136688232
0.0013861656189
0.00109696388245
0.00381088256836
0.00895500183105
0.00587296485901
0.00459313392639
0.00568914413452
0.0033540725708
0.00326991081238
0.00328612327576
0.00315594673157
0.00454902648926
0.00422096252441
0.00150513648987
0.00147008895874
0.00144195556641
0.00169086456299
0.00151300430298
0.00155282020569
0.0014500617981
0.00183606147766
0.00149488449097
0.0014340877533
0.00143599510193
0.0015971660614
0.00158905982971
0.00153207778931
0.00147581100464
0.00156617164612
0.000160932540894
0.000416994094849
0.000441789627075
0.000556945800781
0.000699996948242
0.000720024108887
0.000699043273926
0.000808954238892
0.00653195381165
0.00410604476929
0.00434708595276
0.00139999389648
0.00413990020752
0.00143790245056
0.00416493415833
0.00145602226257
0.00582599639893
0.00169587135315
0.00430583953857
0.00157403945923
0.00437998771667
0.00137591362
0.00416612625122
0.00152897834778
0.00437903404236
0.0013861656189
0.00418782234192
0.00139498710632
0.00413203239441
0.00149083137512
0.00421285629272
0.00161480903625
0.00419807434082
0.00154495239258
0.00427985191345
0.00156998634338
0.000149011611938
0.00186800956726
0.000460863113403
0.000550985336304
0.000744104385376
0.000764131546021
0.000781059265137
0.000825881958008
0.00109314918518
0.00108313560486
0.00284600257874
0.00133585929871
0.00142598152161
0.00152397155762
0.00170588493347
0.00149822235107
0.00155115127563
0.00150108337402
0.00150990486145
0.0014910697937
0.00155806541443
0.00151085853577
0.00153207778931
0.00155401229858
0.00152015686035
0.00151681900024
0.00150799751282
0.00153398513794
0.00152802467346
0.00147914886475
0.00148415565491
0.0014910697937
0.00152111053467
0.00151085853577
0.00152802467346
0.00152111053467
