0.000151872634888
0.00020694732666
0.000300168991089
0.000409126281738
0.000484943389893
0.000556945800781
0.000577926635742
0.000658988952637
0.00221490859985
0.00228714942932
0.00105786323547
0.0010449886322
0.00116300582886
0.00119805335999
0.00140309333801
0.00145101547241
0.00321793556213
0.00185298919678
0.00182485580444
0.00191807746887
0.00185990333557
0.0018630027771
0.0020489692688
0.00205612182617
0.00202298164368
0.00217199325562
0.00236487388611
0.00230407714844
0.00239396095276
0.00241303443909
0.00242280960083
0.00255608558655
0.0025749206543
0.00250196456909
0.00259399414062
0.00262594223022
0.00277304649353
0.00281810760498
0.00310301780701
0.00290298461914
0.00289511680603
0.00302195549011
0.00299406051636
0.00355005264282
0.00340008735657
0.0035388469696
0.00356793403625
0.00358915328979
0.00364995002747
0.00378894805908
0.0036609172821
0.00386619567871
0.00386905670166
0.00390005111694
0.00399017333984
0.00413608551025
0.0042610168457
0.00464701652527
0.00462794303894
0.00432896614075
0.00449895858765
0.00444197654724
0.00458216667175
0.00469613075256
0.00495982170105
0.00465393066406
0.00476908683777
0.00479602813721
0.00481915473938
0.00487804412842
0.00490593910217
0.00488996505737
0.00489497184753
0.00485897064209
0.00499606132507
0.00494909286499
0.00484681129456
0.00491309165955
0.00482320785522
0.00527095794678
0.00476312637329
0.00497913360596
0.00489521026611
0.00481700897217
0.00487804412842
0.00478792190552
0.00477600097656
0.0048041343689
0.00484299659729
0.00478100776672
0.00479698181152
0.000180006027222
0.000285863876343
0.000418186187744
0.000631093978882
0.00062894821167
0.000645875930786
0.000824928283691
0.000903129577637
0.00554299354553
0.00380706787109
0.00127100944519
0.00122308731079
0.00120687484741
0.00136399269104
0.00153303146362
0.00155711174011
0.0017991065979
0.00187802314758
0.00478100776672
0.00212001800537
0.00211000442505
0.00204110145569
0.00212097167969
0.00223112106323
0.00225901603699
0.00233697891235
0.00237393379211
0.00232291221619
0.00231194496155
0.00242686271667
0.00238704681396
0.00242495536804
0.00301289558411
0.00290894508362
0.00309205055237
0.00303196907043
0.00315499305725
0.00322890281677
0.00320887565613
0.003497838974
0.00349998474121
0.00354695320129
0.00359988212585
0.00361394882202
0.00364112854004
0.00378203392029
0.00384497642517
0.00383305549622
0.00378203392029
0.00418186187744
0.00402998924255
0.00404787063599
0.00411891937256
0.0041708946228
0.00431084632874
0.0045120716095
0.00448322296143
0.00455498695374
0.0045530796051
0.00460696220398
0.00475907325745
0.00472092628479
0.004714012146
0.00486397743225
0.0049090385437
0.00495004653931
0.00488710403442
0.00495505332947
0.00494289398193
0.00506186485291
0.00502395629883
0.00505900382996
0.00502800941467
0.00514101982117
0.00505089759827
0.00502395629883
0.0051429271698
0.00519299507141
0.00500416755676
0.00531196594238
0.00498509407043
0.00502800941467
0.00499701499939
0.00495719909668
0.00495910644531
0.00498509407043
0.00495910644531
0.00749802589417
0.00501394271851
0.00495505332947
0.00495100021362
0.000194787979126
0.000198841094971
0.000288963317871
0.000370025634766
0.000424861907959
0.000380039215088
0.000380992889404
0.00204491615295
0.000734090805054
0.000666856765747
0.00435185432434
0.00109601020813
0.00108003616333
0.00108885765076
0.001305103302
0.00149083137512
0.00151586532593
0.00147819519043
0.00147795677185
0.00161004066467
0.00188302993774
0.00180792808533
0.00178217887878
0.00182700157166
0.00205087661743
0.00212407112122
0.0021390914917
0.00216388702393
0.00230598449707
0.00397992134094
0.00233602523804
0.00234198570251
0.0024790763855
0.00234079360962
0.00261497497559
0.00321197509766
0.00261902809143
0.00273489952087
0.0026261806488
0.00265502929688
0.00273513793945
0.00284385681152
0.00284814834595
0.0029878616333
0.00342416763306
0.0033221244812
0.00344395637512
0.00348496437073
0.00357103347778
0.00370407104492
0.00365900993347
0.00378203392029
0.00385594367981
0.00390815734863
0.00390100479126
0.0040180683136
0.00405693054199
0.00412106513977
0.00420784950256
0.0041937828064
0.00425910949707
0.0043351650238
0.00422978401184
0.0042450428009
0.00464415550232
0.00463104248047
0.00465321540833
0.0047779083252
0.00481200218201
0.00478601455688
0.00485515594482
0.00518298149109
0.00478911399841
0.00479888916016
0.00481605529785
0.00483107566833
0.00477504730225
0.00478196144104
0.00475788116455
0.0048840045929
0.00477385520935
0.00476384162903
0.00474905967712
0.00477480888367
0.00472283363342
0.00475811958313
0.00473713874817
0.00480699539185
0.00472807884216
0.00473499298096
0.00477695465088
0.000232934951782
0.000200986862183
0.00329804420471
0.000474214553833
0.00324511528015
0.000697135925293
0.00345587730408
0.000764131546021
0.000939130783081
0.00108218193054
0.00335502624512
0.00113201141357
0.00134706497192
0.00128293037415
0.00417017936707
0.00575613975525
0.00159907341003
0.00151205062866
0.00259709358215
0.00153303146362
0.00153112411499
0.00234389305115
0.002445936203
0.00183391571045
0.00187110900879
0.00190687179565
0.00193905830383
0.00209808349609
0.00289797782898
0.00227093696594
0.00272107124329
0.00248694419861
0.00253701210022
0.00250911712646
0.0028760433197
0.0025098323822
0.00269985198975
0.00271606445312
0.00280499458313
0.00287890434265
0.00315690040588
0.00322389602661
0.0030357837677
0.00323081016541
0.00321483612061
0.00346899032593
0.00320506095886
0.00324416160583
0.00323820114136
0.00337290763855
0.00343585014343
0.00360012054443
0.00349307060242
0.00356602668762
0.00364398956299
0.00370001792908
0.00378084182739
0.00415587425232
0.00431084632874
0.004399061203
0.00466799736023
0.00484180450439
0.0044801235199
0.00458407402039
0.00466322898865
0.00474095344543
0.0047709941864
0.00436806678772
0.004478931427
0.0045599937439
0.00434184074402
0.00451493263245
0.00452899932861
0.00439786911011
0.00433897972107
0.00438714027405
0.00433611869812
0.00438594818115
0.0043511390686
0.00440192222595
0.00446319580078
0.00442910194397
0.00452303886414
0.00444793701172
0.0045051574707
0.00434303283691
0.00433492660522
0.00446391105652
0.00436902046204
0.00432801246643
0.000385999679565
0.000301837921143
0.000471115112305
0.000699043273926
0.000728845596313
0.000706195831299
0.000703811645508
0.000800132751465
0.00113296508789
0.00105786323547
0.00127220153809
0.001384973526
0.00137901306152
0.00146102905273
0.00149202346802
0.00170493125916
0.00186204910278
0.00198006629944
0.00195097923279
0.00194478034973
0.00204801559448
0.00209403038025
0.00215196609497
0.00218915939331
0.00222516059875
0.0026638507843
0.00267195701599
0.00265598297119
0.00276803970337
0.00272011756897
0.00336313247681
0.00318288803101
0.00334811210632
0.00298881530762
0.00303721427917
0.00303387641907
0.00324392318726
0.0031840801239
0.00329899787903
0.00327014923096
0.00344300270081
0.00336909294128
0.00378894805908
0.00394988059998
0.00386500358582
0.00394320487976
0.00372004508972
0.00428295135498
0.0043580532074
0.0042839050293
0.00493383407593
0.00479507446289
0.00464200973511
0.00448179244995
0.0044538974762
0.00464987754822
0.00462603569031
0.00475287437439
0.00469994544983
0.00489282608032
0.00476503372192
0.00437307357788
0.00442481040955
0.00450301170349
0.00443887710571
0.00448608398438
0.0049889087677
0.00510501861572
0.00516700744629
0.00514888763428
0.00529193878174
0.00521183013916
0.00540804862976
0.00520515441895
0.00516104698181
0.00531506538391
0.00525403022766
0.00519800186157
0.00521016120911
0.00517296791077
0.00522398948669
0.00528502464294
0.00513505935669
0.00509786605835
0.00518298149109
0.00548577308655
0.00512504577637
0.00515484809875
0.00513386726379
0.00506615638733
0.00521183013916
0.000225067138672
0.00319004058838
0.0030460357666
0.00682806968689
0.00326704978943
0.000747919082642
0.00766110420227
0.00358104705811
0.000926971435547
0.00342917442322
0.00197505950928
0.00163888931274
0.00196599960327
0.00140190124512
0.00201511383057
0.00178289413452
0.00262999534607
0.00343418121338
0.00291705131531
0.00256204605103
0.00291705131531
0.003249168396
0.00224804878235
0.00234007835388
0.00235104560852
0.00242114067078
0.00247192382812
0.00256299972534
0.0025839805603
0.0028350353241
0.00281190872192
0.0031840801239
0.00293588638306
0.00308895111084
0.00351190567017
0.00343990325928
0.00347304344177
0.00327301025391
0.00337219238281
0.00339484214783
0.00342082977295
0.00365090370178
0.00348901748657
0.00388503074646
0.00426197052002
0.00388407707214
0.00380897521973
0.00522494316101
0.00397610664368
0.00409197807312
0.00440883636475
0.00453281402588
0.0042200088501
0.0042290687561
0.00433588027954
0.00436401367188
0.0046169757843
0.00454378128052
0.00466704368591
0.00472903251648
0.0046911239624
0.00498414039612
0.00518107414246
0.00537705421448
0.00519800186157
0.00465893745422
0.00470519065857
0.00474405288696
0.00483012199402
0.00479292869568
0.00494503974915
0.00486397743225
0.00484085083008
0.00507593154907
0.00484490394592
0.00480890274048
0.00493192672729
0.00484919548035
0.00480198860168
0.00488996505737
0.00477194786072
0.00483298301697
0.00480604171753
0.00474691390991
0.00473809242249
0.00475001335144
0.00472903251648
0.00484895706177
0.00475096702576
0.00476694107056
0.00475096702576
0.00019907951355
0.000288009643555
0.000381946563721
0.000426054000854
0.00206089019775
0.000589847564697
0.00292801856995
0.000654935836792
0.000921964645386
0.00107598304749
0.00636601448059
0.00120997428894
0.00760006904602
0.00251007080078
0.00387001037598
0.00238990783691
0.00262904167175
0.00227308273315
0.00180888175964
0.00271487236023
0.00191497802734
0.00189399719238
0.00198411941528
0.00278210639954
0.00230598449707
0.0022599697113
0.0023889541626
0.00239992141724
0.00284385681152
0.00299406051636
0.00297784805298
0.00459289550781
0.00470495223999
0.00312304496765
0.0032970905304
0.00320291519165
0.00393891334534
0.00336790084839
0.00364804267883
0.00325679779053
0.00323510169983
0.00337409973145
0.00346899032593
0.00356292724609
0.00393390655518
0.00379490852356
0.00401091575623
0.00384593009949
0.00388598442078
0.00419187545776
0.0039849281311
0.00415182113647
0.00416588783264
0.00415205955505
0.00412893295288
0.00464081764221
0.00483393669128
0.00476098060608
0.00487089157104
0.00493288040161
0.00502586364746
0.00498294830322
0.00509905815125
0.00527501106262
0.00540709495544
0.00497794151306
0.00490498542786
0.00490999221802
0.00579500198364
0.0055570602417
0.00541114807129
0.00548982620239
0.0054829120636
0.00562214851379
0.00562906265259
0.00567102432251
0.00558805465698
0.00542902946472
0.00547099113464
0.00535988807678
0.00542783737183
0.00543904304504
0.0053539276123
0.00539302825928
0.00537014007568
0.00546598434448
0.00537395477295
0.00553703308105
0.00535488128662
0.00537204742432
0.000153064727783
0.000298976898193
0.000405073165894
0.000500917434692
0.000531911849976
0.000504970550537
0.000730037689209
0.00234484672546
0.000928163528442
0.00101399421692
0.00116491317749
0.00113487243652
0.00120401382446
0.00123381614685
0.00147986412048
0.0015709400177
0.00175905227661
0.00255393981934
0.00184488296509
0.00200200080872
0.00201606750488
0.00202798843384
0.00211501121521
0.00214290618896
0.00220680236816
0.00235819816589
0.00249719619751
0.00238013267517
0.00247502326965
0.00259494781494
0.00273895263672
0.00308203697205
0.00294899940491
0.00329995155334
0.00753116607666
0.00494289398193
0.00325798988342
0.00332403182983
0.00338196754456
0.00335597991943
0.00319600105286
0.00365281105042
0.00359082221985
0.00369310379028
0.00408005714417
0.00381302833557
0.00384593009949
0.0039381980896
0.0039439201355
0.00398397445679
0.00418210029602
0.00416207313538
0.00426816940308
0.0043249130249
0.00477409362793
0.00472092628479
0.00489807128906
0.00460600852966
0.00473403930664
0.00475811958313
0.00477123260498
0.00483202934265
0.00483989715576
0.00531816482544
0.00549793243408
0.00545501708984
0.00517511367798
0.00524401664734
0.00523710250854
0.00539302825928
0.00527000427246
0.00527310371399
0.00569295883179
0.00555801391602
0.0053288936615
0.00530099868774
0.00544881820679
0.00529789924622
0.00538206100464
0.00527691841125
0.00530791282654
0.00524806976318
0.00525307655334
0.00519680976868
0.00518894195557
0.00522780418396
0.0052330493927
0.00521302223206
0.00521802902222
0.00520706176758
0.00522708892822
