7.70526981354
7.79962110519
8.0183930397
8.17945384979
7.84340906143
7.86684703827
9.24947690964
9.75983214378
8.25645303726
7.81581306458
7.75921988487
7.65511202812
8.38158202171
8.78628897667
8.21603298187
7.82301187515
8.16239404678
8.19695997238
8.97635698318
8.11843705177
7.60669183731
7.68514108658
7.77437996864
7.74848294258
8.35217308998
8.24781799316
7.85507583618
7.88070487976
8.25326299667
8.03388381004
8.04959106445
8.57008981705
8.17095804214
8.22195982933
8.11739087105
8.04584789276
8.36079883575
8.54048609734
8.37099885941
8.30369997025
8.27083086967
8.22194504738
8.32617402077
8.35713100433
8.31071090698
8.54425382614
8.50713586807
8.24778699875
8.51981806755
7.9920759201
8.36100888252
8.14089488983
9.02382612228
7.7963540554
9.08012700081
8.27853798866
9.11732006073
8.3850569725
8.22367501259
8.06235599518
9.05818200111
8.12646198273
7.6156129837
8.3070268631
8.00065493584
7.83251810074
7.88876199722
8.93362593651
8.3726401329
9.79659700394
8.94188308716
8.09239411354
8.37240290642
8.0979988575
8.20234894753
8.34300684929
8.47986793518
8.05742788315
8.2284719944
8.38207602501
8.27364301682
8.47850298882
8.4272518158
8.27885007858
8.40071201324
8.35864901543
8.44663500786
8.53443002701
8.44233083725
8.18218922615
8.48112797737
7.63539981842
7.61517095566
7.83366203308
7.80918908119
8.89659810066
10.5404260159
8.02547693253
7.52262687683
7.72791910172
8.00441193581
7.73807501793
7.9063410759
7.87405800819
7.9460580349
8.48505187035
8.07385993004
8.46013379097
8.235891819
8.40196895599
8.1214120388
8.32627701759
8.18701004982
8.3388428688
8.20231294632
8.34996986389
8.2417678833
8.4210999012
8.437032938
8.31081604958
8.60828399658
8.5207760334
8.38184189796
8.4639749527
8.54295015335
8.28137397766
8.54338812828
7.5712389946
7.69176387787
8.23815202713
10.336758852
