7.84572196007
8.21530604362
8.69387793541
9.01276993752
7.64825487137
8.38286399841
9.67408108711
8.08237481117
8.55658698082
8.99608397484
8.34221887589
8.64070677757
8.94908714294
9.10493397713
9.10720610619
9.33409786224
8.12240004539
8.31544303894
8.48043990135
8.61277604103
8.57225799561
9.00691199303
9.0789411068
7.67782378197
8.47435903549
8.11492109299
8.84774017334
8.37659907341
8.65938186646
8.63229513168
9.03958487511
8.87722611427
8.82743382454
8.92593693733
9.0519080162
7.70647501945
7.89844298363
9.19077086449
8.46352696419
7.57305216789
7.82171487808
8.1580247879
8.09590101242
8.33007311821
8.49789595604
8.57323598862
8.78351092339
8.92167592049
8.72473812103
8.90248894691
8.83049082756
9.27093791962
8.86203813553
9.22281694412
9.48214697838
7.97148299217
9.2956969738
9.0503180027
8.18404889107
7.98070406914
8.08561086655
8.54580402374
8.30552816391
8.32223892212
8.58408117294
8.6858189106
8.98968410492
8.92564606667
9.02619504929
9.00716686249
9.19533109665
