7.67292094231
7.94132089615
8.16624689102
10.2154150009
9.248524189
8.11188721657
8.81253695488
8.30266308784
8.54925704002
9.44666099548
8.38835906982
8.42178416252
9.00136804581
7.65428304672
7.88134217262
8.10054087639
10.9541909695
7.77987790108
8.36581707001
8.6052479744
8.81711912155
8.32357692719
8.76760196686
9.03224396706
9.16825485229
9.10902404785
8.53194212914
8.21751189232
7.74223089218
7.89527797699
8.52374911308
8.42744088173
8.46527099609
8.95740699768
8.49613308907
9.16835904121
8.62525105476
10.861923933
8.19428610802
7.79687690735
9.45139288902
8.32700800896
7.67020201683
8.3018758297
8.4325940609
8.31820297241
10.4677319527
8.29711198807
