7.91078805923
8.00027513504
8.561398983
7.76950883865
7.71642684937
8.89425206184
7.75166702271
9.69542813301
7.59746408463
7.98429298401
7.71390295029
8.68214702606
7.73294186592
8.11400103569
8.01201486588
8.43139600754
8.65112686157
8.32277607918
11.7335178852
7.66709113121
7.8180129528
7.78857421875
8.59757113457
7.74608898163
7.83894205093
8.3543419838
8.23770689964
8.59479594231
8.14224600792
8.80019187927
7.7027118206
7.84400701523
7.67562508583
8.18690299988
8.70939493179
11.6098160744
7.60317492485
7.62200498581
7.85264706612
8.16009902954
7.84904193878
7.78809714317
8.70303201675
7.85110092163
7.81067895889
9.17662715912
7.58017301559
7.61973690987
7.79854607582
8.7973690033
8.71345305443
7.77221798897
9.169495821
8.40471315384
8.42307806015
8.25060081482
8.51029205322
7.63689208031
9.00073885918
7.93187904358
8.26226806641
9.05310583115
8.1172440052
8.4006061554
8.08137178421
8.05145597458
8.86215305328
7.79436302185
7.66568303108
8.69751596451
8.50966191292
8.3864979744
7.9274930954
8.37187504768
8.34219098091
8.12009811401
8.85564804077
8.37178897858
7.89249205589
